0,0,0,-3.18293,1.08047
1,0,0,-3.1899,1.08599
2,0,0,-3.19774,1.0922
3,0,0,-3.20558,1.09841
4,0,0,-3.21342,1.10462
5,0,0,-3.22126,1.11082
6,0,0,-3.2291,1.11703
7,0,0,-3.23694,1.12324
8,0,0,-3.24478,1.12945
9,0,0,-3.25262,1.13566
10,0,0,-3.26046,1.14186
11,0,0,-3.2683,1.14807
12,0,0,-3.27614,1.15428
13,0,0,-3.28398,1.16049
14,0,0,-3.29182,1.16669
15,0,0,-3.29966,1.1729
16,0,0,-3.3075,1.17911
17,0,0,-3.31534,1.18532
18,0,0,-3.32318,1.19153
19,0,0,-3.33102,1.19773
20,0,0,-3.33886,1.20394
21,0,0,-3.3467,1.21015
22,0,0,-3.35454,1.21636
23,0,0,-3.36238,1.22257
24,0,0,-3.37022,1.22877
25,0,0,-3.37806,1.23498
26,0,0,-3.3859,1.24119
27,0,0,-3.39374,1.2474
28,0,0,-3.40158,1.2536
29,0,0,-3.40942,1.25981
30,0,0,-3.41726,1.26602
31,0,0,-3.4251,1.27223
32,0,0,-3.43294,1.27844
33,0,0,-3.44078,1.28464
34,0,0,-3.44862,1.29085
35,0,0,-3.45646,1.29706
36,0,0,-3.4643,1.30327
37,0,0,-3.47214,1.30947
38,0,0,-3.47998,1.31568
39,0,0,-3.48782,1.32189
40,0,0,-3.49566,1.3281
41,0,0,-3.5035,1.33431
42,0,0,-3.51133,1.34051
43,0,0,-3.51917,1.34672
44,0,0,-3.52701,1.35293
45,0,0,-3.53485,1.35914
46,0,0,-3.54269,1.36534
47,0,0,-3.55053,1.37155
48,0,0,-3.55837,1.37776
49,0,0,-3.56621,1.38397
50,0,0,-3.57405,1.39018
51,0,0,-3.58189,1.39638
52,0,0,-3.58973,1.40259
53,0,0,-3.59757,1.4088
54,0,0,-3.60541,1.41501
55,0,0,-3.61325,1.42121
56,0,0,-3.62109,1.42742
57,0,0,-3.62893,1.43363
58,0,0,-3.63677,1.43984
59,0,0,-3.64461,1.44605
60,0,0,-3.65245,1.45225
61,0,0,-3.66029,1.45846
62,0,0,-3.66813,1.46467
63,0,0,-3.67597,1.47088
64,0,0,-3.68381,1.47708
65,0,0,-3.69165,1.48329
66,0,0,-3.69949,1.4895
67,0,0,-3.70733,1.49571
68,0,0,-3.71517,1.50192
69,0,0,-3.72301,1.50812
70,0,0,-3.73085,1.51433
71,0,0,-3.73869,1.52054
72,0,0,-3.74653,1.52675
73,0,0,-3.75437,1.53295
74,0,0,-3.76221,1.53916
75,0,0,-3.77005,1.54537
76,0,0,-3.77789,1.55158
77,0,0,-3.78573,1.55779
78,0,0,-3.79357,1.56399
79,0,0,-3.80141,1.5702
80,0,0,-3.80925,1.57641
81,0,0,-3.81709,1.58262
82,0,0,-3.82493,1.58882
83,0,0,-3.83277,1.59503
84,0,0,-3.84061,1.60124
85,0,0,-3.84845,1.60745
86,0,0,-3.85629,1.61366
87,0,0,-3.86413,1.61986
88,0,0,-3.87197,1.62607
89,0,0,-3.87981,1.63228
90,0,0,-3.88765,1.63849
91,0,0,-3.89549,1.64469
92,0,0,-3.90333,1.6509
93,0,0,-3.91117,1.65711
94,0,0,-3.91901,1.66332
95,0,0,-3.92685,1.66953
96,0,0,-3.93469,1.67573
97,0,0,-3.94253,1.68194
98,0,0,-3.95037,1.68815
99,0,0,-3.95821,1.69436
100,0,0,-3.96605,1.70057
101,0,0,-3.97389,1.70677
102,0,0,-3.98173,1.71298
103,0,0,-3.98957,1.71919
104,0,0,-3.99741,1.7254
105,0,0,-4.00525,1.7316
106,0,0,-4.01309,1.73781
107,0,0,-4.02093,1.74402
108,0,0,-4.02877,1.75023
109,0,0,-4.03661,1.75644
110,0,0,-4.04444,1.76264
111,0,0,-4.05228,1.76885
112,0,0,-4.06012,1.77506
113,0,0,-4.06796,1.78127
114,0,0,-4.0758,1.78747
115,0,0,-4.08364,1.79368
116,0,0,-4.09148,1.79989
117,0,0,-4.09932,1.8061
118,0,0,-4.10716,1.81231
119,0,0,-4.115,1.81851
120,0,0,-4.12284,1.82472
121,0,0,-4.13068,1.83093
122,0,0,-4.13852,1.83714
123,0,0,-4.14636,1.84334
124,0,0,-4.1542,1.84955
125,0,0,-4.16204,1.85576
126,0,0,-4.16988,1.86197
127,0,0,-4.17772,1.86818
128,0,0,-4.18556,1.87438
129,0,0,-4.1934,1.88059
130,0,0,-4.20124,1.8868
131,0,0,-4.20908,1.89301
132,0,0,-4.21692,1.89921
133,0,0,-4.22476,1.90542
134,0,0,-4.2326,1.91163
135,0,0,-4.24044,1.91784
136,0,0,-4.24828,1.92405
137,0,0,-4.25612,1.93025
138,0,0,-4.26396,1.93646
139,0,0,-4.2718,1.94267
140,0,0,-4.27964,1.94888
141,0,0,-4.28748,1.95508
142,0,0,-4.29532,1.96129
143,0,0,-4.30316,1.9675
144,0,0,-4.311,1.97371
145,0,0,-4.31884,1.97992
146,0,0,-4.32668,1.98612
147,0,0,-4.33452,1.99233
148,0,0,-4.34236,1.99854
149,0,0,-4.3502,2.00475
150,0,0,-4.35804,2.01095
151,0,0,-4.36588,2.01716
152,0,0,-4.37372,2.02337
153,0,0,-4.38156,2.02958
154,0,0,-4.3894,2.03579
155,0,0,-4.39724,2.04199
156,0,0,-4.40508,2.0482
157,0,0,-4.41292,2.05441
158,0,0,-4.41379,2.0551
159,0,0,-4.41379,2.0551
160,0,0,-4.41379,2.0551
161,0,0,-4.41379,2.0551
162,0,0,-4.42262,2.0561
163,0,0,-4.42372,2.05622
164,0,0,-4.42372,2.05622
165,0,0,-4.42372,2.05622
166,0,0,-4.42372,2.05622
167,0,0,-4.42372,2.05622
168,0,0,-4.42372,2.05622
169,0,0,-4.42372,2.05622
170,0,0,-4.42372,2.05622
171,0,0,-4.42372,2.05622
172,0,0,-4.42372,2.05622
173,0,0,-4.42372,2.05622
174,0,0,-4.42372,2.05622
175,0,0,-4.42372,2.05622
176,0,0,-4.42372,2.05622
177,0,0,-4.42372,2.05622
178,0,0,-4.42372,2.05622
179,0,0,-4.42372,2.05622
180,0,0,-4.41769,2.04968
181,0,0,-4.41082,2.04242
182,0,0,-4.40393,2.03517
183,0,0,-4.39705,2.02792
184,0,0,-4.39016,2.02067
185,0,0,-4.38328,2.01341
186,0,0,-4.37639,2.00616
187,0,0,-4.36951,1.99891
188,0,0,-4.36262,1.99166
189,0,0,-4.35573,1.98441
190,0,0,-4.34885,1.97715
191,0,0,-4.34196,1.9699
192,0,0,-4.33508,1.96265
193,0,0,-4.32819,1.9554
194,0,0,-4.32131,1.94815
195,0,0,-4.31442,1.94089
196,0,0,-4.30754,1.93364
197,0,0,-4.30065,1.92639
198,0,0,-4.29377,1.91914
199,0,0,-4.28688,1.91189
200,0,0,-4.28,1.90463
201,0,0,-4.27311,1.89738
202,0,0,-4.26623,1.89013
203,0,0,-4.25934,1.88288
204,0,0,-4.25245,1.87563
205,0,0,-4.24557,1.86837
206,0,0,-4.23868,1.86112
207,0,0,-4.2318,1.85387
208,0,0,-4.22491,1.84662
209,0,0,-4.21803,1.83937
210,0,0,-4.21114,1.83211
211,0,0,-4.20426,1.82486
212,0,0,-4.19737,1.81761
213,0,0,-4.19049,1.81036
214,0,0,-4.1836,1.80311
215,0,0,-4.17672,1.79585
216,0,0,-4.16983,1.7886
217,0,0,-4.16294,1.78135
218,0,0,-4.15606,1.7741
219,0,0,-4.14917,1.76685
220,0,0,-4.14229,1.75959
221,0,0,-4.1354,1.75234
222,0,0,-4.12852,1.74509
223,0,0,-4.12163,1.73784
224,0,0,-4.11475,1.73059
225,0,0,-4.10786,1.72333
226,0,0,-4.10098,1.71608
227,0,0,-4.09409,1.70883
228,0,0,-4.08721,1.70158
229,0,0,-4.08032,1.69433
230,0,0,-4.07344,1.68707
231,0,0,-4.06655,1.67982
232,0,0,-4.05966,1.67257
233,0,0,-4.05278,1.66532
234,0,0,-4.04589,1.65806
235,0,0,-4.03901,1.65081
236,0,0,-4.03212,1.64356
237,0,0,-4.02524,1.63631
238,0,0,-4.01835,1.62906
239,0,0,-4.01147,1.6218
240,0,0,-4.00458,1.61455
241,0,0,-3.9977,1.6073
242,0,0,-3.99081,1.60005
243,0,0,-3.98393,1.5928
244,0,0,-3.97704,1.58554
245,0,0,-3.97015,1.57829
246,0,0,-3.96327,1.57104
247,0,0,-3.95638,1.56379
248,0,0,-3.95562,1.56299
249,0,0,-3.95562,1.56299
250,0,0,-3.95562,1.56299
251,0,0,-3.95562,1.56299
252,0,0,-3.9564,1.56231
253,0,0,-3.96033,1.55876
254,0,0,-3.96419,1.55507
255,0,0,-3.96793,1.55114
256,0,0,-3.97142,1.54709
257,0,0,-3.97461,1.54299
258,0,0,-3.97752,1.53884
259,0,0,-3.98014,1.53466
260,0,0,-3.98246,1.53048
261,0,0,-3.98782,1.53079
262,0,0,-3.99014,1.52782
263,0,0,-3.9916,1.52428
264,0,0,-3.99279,1.52086
265,0,0,-3.99371,1.5176
266,0,0,-3.99379,1.51727
267,0,0,-3.99393,1.51661
268,0,0,-3.99405,1.51597
269,0,0,-3.99422,1.51545
270,0,0,-3.99439,1.51469
271,0,0,-3.99453,1.51374
272,0,0,-3.99463,1.51275
273,0,0,-3.99464,1.51263
274,0,0,-3.99464,1.5125
275,0,0,-3.99463,1.51243
276,0,0,-3.99463,1.51242
277,0,0,-3.99463,1.51242
278,0,0,-3.99463,1.51242
279,0,0,-3.99463,1.51241
280,0,0,-3.99461,1.51232
281,0,0,-3.9946,1.51227
282,0,0,-3.99514,1.51161
283,0,0,-3.99486,1.50984
284,0,0,-3.99435,1.50777
285,0,0,-3.99374,1.50569
286,0,0,-3.99593,1.49678
287,0,0,-3.9983,1.48706
288,0,0,-4.00065,1.47734
289,0,0,-4.00301,1.46763
290,0,0,-4.00537,1.45791
291,0,0,-4.00773,1.44819
292,0,0,-4.01008,1.43847
293,0,0,-4.01244,1.42875
294,0,0,-4.0148,1.41904
295,0,0,-4.01716,1.40932
296,0,0,-4.01952,1.3996
297,0,0,-4.02187,1.38988
298,0,0,-4.02423,1.38016
299,0,0,-4.02659,1.37044
300,0,0,-4.02895,1.36073
301,0,0,-4.0313,1.35101
302,0,0,-4.03366,1.34129
303,0,0,-4.03602,1.33157
304,0,0,-4.03838,1.32185
305,0,0,-4.04073,1.31214
306,0,0,-4.04309,1.30242
307,0,0,-4.04335,1.30134
308,0,0,-4.04335,1.30134
309,0,0,-4.04335,1.30134
310,0,0,-4.04335,1.30134
311,0,0,-4.04335,1.30134
312,0,0,-4.04335,1.30134
313,0,0,-4.04335,1.30134
314,0,0,-4.04335,1.30134
315,0,0,-4.04335,1.30134
316,0,0,-4.04258,1.30066
317,0,0,-4.03862,1.29732
318,0,0,-4.03454,1.29422
319,0,0,-4.03412,1.29393
320,0,0,-4.02555,1.29444
321,0,0,-4.02486,1.29469
322,0,0,-4.02486,1.29469
323,0,0,-4.02486,1.29468
324,0,0,-4.02486,1.29468
325,0,0,-4.02486,1.29468
326,0,0,-4.02484,1.29467
327,0,0,-4.0245,1.29444
328,0,0,-4.02401,1.29414
329,0,0,-4.02345,1.29383
330,0,0,-4.0229,1.29356
331,0,0,-4.02285,1.29354
332,0,0,-4.02285,1.29354
333,0,0,-4.01824,1.2992
334,0,0,-4.01582,1.29958
335,0,0,-4.01563,1.29951
336,0,0,-4.01563,1.29951
337,0,0,-4.01563,1.29951
338,0,0,-4.01563,1.29951
339,0,0,-4.01563,1.29951
340,0,0,-4.01563,1.29951
341,0,0,-4.01563,1.29951
342,0,0,-4.01563,1.29951
343,0,0,-4.01324,1.30123
344,0,0,-4.00905,1.30398
345,0,0,-4.00341,1.3065
346,0,0,-3.99763,1.30792
347,0,0,-3.99664,1.30672
348,0,0,-3.99637,1.30767
349,0,0,-3.99485,1.31107
350,0,0,-3.99306,1.31457
351,0,0,-3.98962,1.31572
352,0,0,-3.98782,1.31846
353,0,0,-3.98782,1.31846
354,0,0,-3.98782,1.31846
355,0,0,-3.98782,1.31846
356,0,0,-3.98782,1.31846
357,0,0,-3.98782,1.31846
358,0,0,-3.98782,1.31846
359,0,0,-3.98782,1.31846
360,0,0,-3.98782,1.31846
361,0,0,-3.98782,1.31846
362,0,0,-3.98782,1.31846
363,0,0,-3.98774,1.31845
364,0,0,-3.97952,1.31505
365,0,0,-3.97023,1.31135
366,0,0,-3.96094,1.30766
367,0,0,-3.95164,1.30397
368,0,0,-3.95061,1.30356
369,0,0,-3.95061,1.30356
370,0,0,-3.95061,1.30356
371,0,0,-3.95061,1.30356
372,0,0,-3.95061,1.30356
373,0,0,-3.95061,1.30356
374,0,0,-3.95061,1.30356
375,0,0,-3.95061,1.30356
376,0,0,-3.95061,1.30356
377,0,0,-3.95061,1.30356
378,0,0,-3.94916,1.30286
379,0,0,-3.94519,1.30095
380,0,0,-3.94216,1.2975
381,0,0,-3.94189,1.29701
382,0,0,-3.94189,1.29701
383,0,0,-3.94204,1.29594
384,0,0,-3.94258,1.29284
385,0,0,-3.94364,1.28809
386,0,0,-3.94532,1.28246
387,0,0,-3.94549,1.28177
388,0,0,-3.94573,1.28099
389,0,0,-3.94576,1.28087
390,0,0,-3.94576,1.28087
391,0,0,-3.94533,1.27949
392,0,0,-3.94528,1.27929
393,0,0,-3.94528,1.27929
394,0,0,-3.94528,1.27929
395,0,0,-3.95371,1.27646
396,0,0,-3.95476,1.27611
397,0,0,-3.95476,1.27611
398,0,0,-3.95476,1.27611
399,0,0,-3.95476,1.27611
400,0,0,-3.95476,1.27611
401,0,0,-3.95927,1.26845
402,0,0,-3.95984,1.2675
403,0,0,-3.95984,1.2675
404,0,0,-3.95984,1.2675
405,0,0,-3.95984,1.2675
406,0,0,-3.95978,1.2679
407,0,0,-3.95939,1.27118
408,0,0,-3.95903,1.27447
409,0,0,-3.95877,1.27672
410,0,0,-3.95877,1.27672
411,0,0,-3.95877,1.27672
412,0,0,-3.95877,1.27672
413,0,0,-3.95877,1.27672
414,0,0,-3.95877,1.27672
415,0,0,-3.95877,1.27672
416,1,1,-3.95877,1.27672
417,1,2,-3.95877,1.27672
418,1,3,-3.95877,1.27672
419,1,4,-3.95876,1.27676
420,1,5,-3.95876,1.27676
421,1,6,-3.95876,1.27676
422,1,7,-3.95876,1.27676
423,1,8,-3.95876,1.27676
424,1,9,-3.95876,1.27676
425,1,10,-3.95876,1.27676
426,1,11,-3.95876,1.27676
427,1,12,-3.95876,1.27676
428,1,13,-3.95876,1.27676
429,1,14,-3.95876,1.27676
430,1,15,-3.96208,1.28181
431,1,16,-3.96245,1.28248
432,1,17,-3.96245,1.28248
433,1,18,-3.96245,1.28248
434,1,19,-3.96245,1.28248
435,1,20,-3.96225,1.28268
436,1,21,-3.96225,1.28268
437,1,22,-3.96225,1.28268
438,1,23,-3.96225,1.28268
439,1,24,-3.96225,1.28268
440,1,25,-3.96225,1.28268
441,1,26,-3.96225,1.28268
442,1,27,-3.96225,1.28268
443,1,28,-3.96225,1.28268
444,1,29,-3.96225,1.28268
445,1,30,-3.96225,1.28268
446,1,31,-3.96225,1.28268
447,1,32,-3.96225,1.28268
448,1,33,-3.96225,1.28268
449,1,34,-3.96224,1.28267
450,1,35,-3.96077,1.27333
451,1,36,-3.95918,1.2713
452,1,37,-3.95788,1.27195
453,1,38,-3.95673,1.27267
454,1,39,-3.95491,1.27287
455,1,40,-3.95105,1.27264
456,1,41,-3.94707,1.27224
457,1,42,-3.94383,1.272
458,1,43,-3.94143,1.2728
459,1,44,-3.94051,1.2732
460,1,45,-3.94051,1.2732
461,1,46,-3.94047,1.27321
462,1,47,-3.94047,1.27321
463,1,48,-3.94047,1.27321
464,1,49,-3.94047,1.27321
465,1,50,-3.94047,1.27321
466,1,51,-3.94047,1.27321
467,1,52,-3.94047,1.27321
468,1,53,-3.94047,1.27321
469,1,54,-3.94047,1.27321
470,1,55,-3.94047,1.27321
471,1,56,-3.94047,1.27321
472,1,57,-3.94047,1.27321
473,1,58,-3.94047,1.27321
474,1,59,-3.94047,1.27321
475,1,60,-3.94047,1.27321
476,1,61,-3.94047,1.27321
477,1,62,-3.94146,1.27285
478,1,63,-3.94161,1.27281
479,1,64,-3.94161,1.27281
480,1,65,-3.94161,1.27281
481,1,66,-3.94161,1.27281
482,1,67,-3.94161,1.27281
483,1,68,-3.94161,1.27281
484,1,69,-3.94161,1.27281
485,1,70,-3.94161,1.27281
486,1,71,-3.94161,1.27281
487,1,72,-3.94161,1.2728
488,1,73,-3.94161,1.2728
489,1,74,-3.94162,1.2728
490,1,75,-3.94162,1.2728
491,1,76,-3.94205,1.27249
492,1,77,-3.94205,1.27249
493,1,78,-3.94205,1.27249
494,1,79,-3.94205,1.27249
495,1,80,-3.94205,1.27249
496,1,81,-3.94205,1.27249
497,1,82,-3.94205,1.27249
498,1,83,-3.94205,1.27249
499,1,84,-3.93977,1.2645
500,1,85,-3.93941,1.2634
501,1,86,-3.93941,1.2634
502,1,87,-3.93941,1.2634
503,1,88,-3.93941,1.2634
504,1,89,-3.93941,1.2634
505,1,90,-3.93941,1.2634
506,1,91,-3.93941,1.2634
507,1,92,-3.93941,1.2634
508,1,93,-3.93941,1.2634
509,1,94,-3.93941,1.2634
510,1,95,-3.93941,1.2634
511,1,96,-3.93941,1.2634
512,1,97,-3.93941,1.2634
513,1,98,-3.93941,1.2634
514,1,99,-3.93983,1.26322
515,1,100,-3.94177,1.26234
516,1,101,-3.94304,1.26173
517,1,102,-3.9439,1.26144
518,1,103,-3.9445,1.26108
519,1,104,-3.9445,1.26108
520,1,105,-3.9445,1.26108
521,1,106,-3.9445,1.26108
522,1,107,-3.9445,1.26108
523,1,108,-3.9445,1.26108
524,1,109,-3.9445,1.26108
525,1,110,-3.9445,1.26108
526,1,111,-3.9445,1.26108
527,1,112,-3.9445,1.26108
528,1,113,-3.9445,1.26108
529,1,114,-3.9445,1.26108
530,1,115,-3.9445,1.26118
531,1,116,-3.9445,1.26118
532,1,117,-3.94444,1.26159
533,1,118,-3.94443,1.26161
534,1,119,-3.94443,1.26161
535,1,120,-3.94442,1.26171
536,1,121,-3.94423,1.26332
537,1,122,-3.94391,1.26827
538,1,123,-3.94382,1.26916
539,1,124,-3.94366,1.27089
540,1,125,-3.94361,1.27163
541,1,126,-3.94342,1.27445
542,1,127,-3.94335,1.27571
543,1,128,-3.94335,1.27571
544,1,129,-3.94335,1.27571
545,1,130,-3.94335,1.27571
546,1,131,-3.94335,1.27571
547,1,132,-3.94335,1.27571
548,1,133,-3.94335,1.27571
549,1,134,-3.94335,1.27571
550,1,135,-3.94343,1.27575
551,1,136,-3.94458,1.27581
552,1,137,-3.94547,1.27583
553,1,138,-3.94562,1.27583
554,1,139,-3.94556,1.2763
555,1,140,-3.94566,1.27633
556,1,141,-3.94566,1.27633
557,1,142,-3.94566,1.27633
558,1,143,-3.94566,1.27633
559,1,144,-3.94566,1.27633
560,1,145,-3.94566,1.27633
561,1,146,-3.94566,1.27633
562,1,147,-3.94566,1.27633
563,1,148,-3.94566,1.27633
564,1,149,-3.94566,1.27633
565,1,150,-3.94566,1.27633
566,1,151,-3.94566,1.27633
567,1,152,-3.94566,1.27633
568,1,153,-3.94567,1.27633
569,1,154,-3.94567,1.27633
570,1,155,-3.94567,1.27633
571,1,156,-3.94567,1.27633
572,1,157,-3.94567,1.27633
573,1,158,-3.94567,1.27633
574,1,159,-3.94567,1.27633
575,1,160,-3.94582,1.27631
576,1,161,-3.94582,1.27631
577,1,162,-3.94581,1.2763
578,1,163,-3.94581,1.2763
579,1,164,-3.94581,1.2763
580,1,165,-3.94581,1.2763
581,1,166,-3.94586,1.27628
582,1,167,-3.94586,1.27628
583,1,168,-3.9463,1.27629
584,1,169,-3.94632,1.27628
585,1,170,-3.94632,1.27628
586,1,171,-3.94632,1.27628
587,1,172,-3.94633,1.27628
588,1,173,-3.94633,1.27628
589,1,174,-3.94633,1.27628
590,1,175,-3.94633,1.27628
591,1,176,-3.94636,1.27628
592,1,177,-3.94636,1.27628
593,1,178,-3.94636,1.27628
594,1,179,-3.94636,1.27628
595,1,180,-3.94645,1.27617
596,1,181,-3.94645,1.27616
597,1,182,-3.94728,1.276
598,1,183,-3.94817,1.27582
599,1,184,-3.94881,1.27567
600,1,185,-3.94894,1.27564
601,1,186,-3.94894,1.27564
602,1,187,-3.94894,1.27564
603,1,188,-3.94894,1.27564
604,1,189,-3.94894,1.27564
605,1,190,-3.94894,1.27564
606,1,191,-3.94894,1.27564
607,1,192,-3.94894,1.27563
608,1,193,-3.94894,1.27563
609,1,194,-3.94894,1.27563
610,1,195,-3.94894,1.27563
611,1,196,-3.94894,1.27563
612,1,197,-3.94894,1.27563
613,1,198,-3.94894,1.27563
614,1,199,-3.94894,1.27563
615,1,200,-3.94893,1.27552
616,1,201,-3.94895,1.27542
617,1,202,-3.94896,1.2754
618,1,203,-3.94896,1.2754
619,1,204,-3.94897,1.27538
620,1,205,-3.94897,1.27538
621,1,206,-3.94899,1.27535
622,1,207,-3.9493,1.27525
623,1,208,-3.9494,1.27524
624,1,209,-3.95142,1.27488
625,1,210,-3.95148,1.27486
626,1,211,-3.95148,1.27486
627,1,212,-3.95148,1.27486
628,1,213,-3.95148,1.27486
629,1,214,-3.95145,1.27478
630,1,215,-3.95145,1.27478
631,1,216,-3.95197,1.27457
632,1,217,-3.95202,1.27455
633,1,218,-3.95209,1.27452
634,1,219,-3.9521,1.27451
635,1,220,-3.9521,1.27451
636,1,221,-3.9521,1.27451
637,1,222,-3.9521,1.27451
638,1,223,-3.9521,1.27451
639,1,224,-3.9521,1.27451
640,1,225,-3.9521,1.27451
641,1,226,-3.95236,1.27439
642,1,227,-3.95236,1.27439
643,1,228,-3.95238,1.27441
644,1,229,-3.95238,1.27441
645,1,230,-3.95238,1.27441
646,1,231,-3.95238,1.27441
647,1,232,-3.95238,1.27441
648,1,233,-3.95238,1.27441
649,1,234,-3.95238,1.27441
650,1,235,-3.95238,1.27441
651,1,236,-3.95238,1.27441
652,1,237,-3.95238,1.27441
653,1,238,-3.95238,1.27441
654,1,239,-3.95238,1.27441
655,1,240,-3.95238,1.27441
656,1,241,-3.95238,1.27441
657,1,242,-3.95238,1.27441
658,1,243,-3.9524,1.2744
659,1,244,-3.9524,1.2744
660,1,245,-3.9524,1.2744
661,1,246,-3.9524,1.2744
662,1,247,-3.9524,1.2744
663,1,248,-3.9524,1.2744
664,1,249,-3.9524,1.2744
665,1,250,-3.9524,1.2744
666,1,251,-3.9524,1.2744
667,1,252,-3.9524,1.2744
668,1,253,-3.9524,1.2744
669,1,254,-3.9524,1.2744
670,1,255,-3.9524,1.2744
671,1,256,-3.9524,1.2744
672,1,257,-3.9524,1.2744
673,1,258,-3.95238,1.27436
674,1,259,-3.95237,1.27433
675,1,260,-3.9606,1.27145
676,1,261,-3.96164,1.27108
677,1,262,-3.96164,1.27108
678,1,263,-3.96128,1.27046
679,1,264,-3.96112,1.27012
680,1,265,-3.96082,1.26958
681,1,266,-3.96079,1.26952
682,1,267,-3.96073,1.26942
683,1,268,-3.96073,1.26942
684,1,269,-3.96073,1.26942
685,1,270,-3.96073,1.26942
686,1,271,-3.96067,1.26934
687,1,272,-3.96066,1.26932
688,1,273,-3.96065,1.26932
689,1,274,-3.96071,1.26931
690,1,275,-3.96074,1.26931
691,1,276,-3.96074,1.26931
692,1,277,-3.96074,1.26931
693,1,278,-3.96074,1.26931
694,1,279,-3.96074,1.26931
695,1,280,-3.96074,1.26931
696,1,281,-3.96074,1.26931
697,1,282,-3.96074,1.26931
698,1,283,-3.96074,1.26931
699,1,284,-3.96074,1.26931
700,1,285,-3.96074,1.26931
701,1,286,-3.96074,1.26931
702,1,287,-3.96074,1.26925
703,1,288,-3.96074,1.26904
704,1,289,-3.96077,1.26879
705,1,290,-3.96079,1.26869
706,1,291,-3.96082,1.26768
707,1,292,-3.96086,1.2672
708,1,293,-3.96099,1.26637
709,1,294,-3.961,1.26624
710,1,295,-3.961,1.26527
711,1,296,-3.96103,1.26503
712,1,297,-3.96119,1.26477
713,1,298,-3.9614,1.26452
714,1,299,-3.96168,1.26366
715,1,300,-3.96175,1.26328
716,1,301,-3.9617,1.26309
717,1,302,-3.96171,1.26157
718,1,303,-3.9618,1.25996
719,1,304,-3.96185,1.2598
720,1,305,-3.96185,1.2598
721,1,306,-3.96186,1.2598
722,1,307,-3.96186,1.2598
723,1,308,-3.96739,1.25639
724,1,309,-3.96743,1.25617
725,1,310,-3.96743,1.25617
726,1,311,-3.96743,1.25617
727,1,312,-3.96743,1.25617
728,1,313,-3.96772,1.2522
729,1,314,-3.96772,1.2522
730,1,315,-3.96772,1.2522
731,1,316,-3.96772,1.2522
732,1,317,-3.96772,1.2522
733,1,318,-3.96772,1.2522
734,1,319,-3.96772,1.2522
735,1,320,-3.96772,1.2522
736,1,321,-3.96772,1.2522
737,1,322,-3.96772,1.2522
738,1,323,-3.96772,1.2522
739,1,324,-3.96772,1.2522
740,1,325,-3.96772,1.2522
741,1,326,-3.96409,1.25323
742,1,327,-3.96363,1.25336
743,1,328,-3.96363,1.25336
744,1,329,-3.96363,1.25336
745,1,330,-3.96363,1.25336
746,1,331,-3.96363,1.25336
747,1,332,-3.96378,1.25336
748,1,333,-3.96378,1.25336
749,1,334,-3.96378,1.25336
750,1,335,-3.96381,1.25336
751,1,336,-3.96381,1.25336
752,1,337,-3.96381,1.25336
753,1,338,-3.96381,1.25336
754,1,339,-3.96427,1.25326
755,1,340,-3.96456,1.25316
756,1,341,-3.96459,1.25316
757,1,342,-3.96459,1.25316
758,1,343,-3.96459,1.25316
759,1,344,-3.96642,1.25652
760,1,345,-3.96573,1.25576
761,1,346,-3.96557,1.25559
762,1,347,-3.96557,1.25558
763,1,348,-3.96547,1.25548
764,1,349,-3.96523,1.25523
765,1,350,-3.9652,1.2552
766,1,351,-3.96763,1.2542
767,1,352,-3.96762,1.25416
768,1,353,-3.96762,1.25416
769,1,354,-3.96762,1.25416
770,1,355,-3.96762,1.25416
771,1,356,-3.96762,1.25416
772,1,357,-3.96762,1.25416
773,1,358,-3.96762,1.25416
774,1,359,-3.96762,1.25416
775,1,360,-3.96759,1.25406
776,1,361,-3.96818,1.2518
777,1,362,-3.96821,1.25177
778,1,363,-3.96821,1.25177
779,1,364,-3.96821,1.25177
780,1,365,-3.96821,1.25177
781,1,366,-3.96821,1.25177
782,1,367,-3.96821,1.25177
783,1,368,-3.96821,1.25177
784,1,369,-3.96821,1.25177
785,1,370,-3.96821,1.25177
786,1,371,-3.9683,1.25086
787,1,372,-3.96831,1.25067
788,1,373,-3.96831,1.25067
789,1,374,-3.96831,1.25067
790,1,375,-3.96831,1.25067
791,1,376,-3.96831,1.25067
792,1,377,-3.96831,1.25067
793,1,378,-3.96831,1.25067
794,1,379,-3.96831,1.25067
795,1,380,-3.96831,1.25067
796,1,381,-3.96831,1.25067
797,1,382,-3.96831,1.25067
798,1,383,-3.96831,1.25067
799,1,384,-3.96831,1.25067
800,1,385,-3.96831,1.25067
801,1,386,-3.96831,1.25067
802,1,387,-3.96831,1.25067
803,1,388,-3.96831,1.25067
804,1,389,-3.96831,1.25067
805,1,390,-3.96831,1.25067
806,1,391,-3.96831,1.25067
807,1,392,-3.96835,1.25067
808,1,393,-3.96833,1.25063
809,1,394,-3.96831,1.25058
810,1,395,-3.96831,1.25058
811,1,396,-3.96831,1.25058
812,1,397,-3.96831,1.25058
813,1,398,-3.96831,1.25058
814,1,399,-3.96831,1.25058
815,1,400,-3.96831,1.25058
816,1,401,-3.96837,1.25053
817,1,402,-3.96837,1.25053
818,1,403,-3.96837,1.25053
819,1,404,-3.96837,1.25053
820,1,405,-3.96837,1.25053
821,1,406,-3.96861,1.25041
822,1,407,-3.96862,1.2504
823,1,408,-3.96862,1.2504
824,1,409,-3.96862,1.2504
825,1,410,-3.96862,1.2504
826,1,411,-3.96862,1.2504
827,1,412,-3.96862,1.2504
828,1,413,-3.96862,1.2504
829,1,414,-3.96866,1.25039
830,1,415,-3.96868,1.25038
831,1,416,-3.96868,1.25038
832,1,417,-3.96869,1.25038
833,1,418,-3.96896,1.25027
834,1,419,-3.97009,1.24975
835,1,420,-3.97071,1.24947
836,1,421,-3.97071,1.24947
837,1,422,-3.97075,1.2493
838,1,423,-3.97083,1.24876
839,1,424,-3.97085,1.24862
840,1,425,-3.97086,1.24856
841,1,426,-3.97087,1.24855
842,1,427,-3.97087,1.24855
843,1,428,-3.97087,1.24854
844,1,429,-3.97087,1.24854
845,1,430,-3.97087,1.24853
846,1,431,-3.9709,1.24849
847,1,432,-3.9709,1.24849
848,1,433,-3.9709,1.24849
849,1,434,-3.9709,1.24849
850,1,435,-3.9709,1.24849
851,1,436,-3.9709,1.24849
852,1,437,-3.9709,1.24849
853,1,438,-3.9709,1.24849
854,1,439,-3.9709,1.24849
855,1,440,-3.97093,1.24843
856,1,441,-3.97094,1.2484
857,1,442,-3.97095,1.24838
858,1,443,-3.97095,1.24838
859,1,444,-3.97095,1.24836
860,1,445,-3.97095,1.24836
861,1,446,-3.97096,1.24836
862,1,447,-3.97097,1.24833
863,1,448,-3.97097,1.24833
864,1,449,-3.97097,1.24833
865,1,450,-3.97097,1.24833
866,1,451,-3.97097,1.24833
867,1,452,-3.97097,1.2483
868,1,453,-3.97097,1.2483
869,1,454,-3.97097,1.2483
870,1,455,-3.97097,1.2483
871,1,456,-3.97097,1.2483
872,1,457,-3.97097,1.2483
873,1,458,-3.97098,1.24829
874,1,459,-3.97145,1.24564
875,1,460,-3.97145,1.24564
876,1,461,-3.97145,1.24564
877,1,462,-3.97145,1.24564
878,1,463,-3.97146,1.24564
879,1,464,-3.97146,1.24564
880,1,465,-3.97146,1.24564
881,1,466,-3.97146,1.24564
882,1,467,-3.97146,1.24564
883,1,468,-3.97146,1.24564
884,1,469,-3.97146,1.24564
885,1,470,-3.97147,1.24563
886,1,471,-3.97149,1.24562
887,1,472,-3.9715,1.24561
888,1,473,-3.97152,1.24559
889,1,474,-3.97152,1.24559
890,1,475,-3.97153,1.24557
891,1,476,-3.97154,1.24555
892,1,477,-3.97163,1.24544
893,1,478,-3.97169,1.24527
894,1,479,-3.97283,1.24481
895,1,480,-3.97342,1.24465
896,1,481,-3.97351,1.24462
897,1,482,-3.9735,1.24457
898,1,483,-3.9735,1.24455
899,1,484,-3.97402,1.2441
900,1,485,-3.97402,1.24404
901,1,486,-3.97402,1.24403
902,1,487,-3.9742,1.24366
903,1,488,-3.97442,1.24335
904,1,489,-3.97444,1.24332
905,1,490,-3.97444,1.24332
906,1,491,-3.97444,1.24332
907,1,492,-3.97444,1.24332
908,1,493,-3.97443,1.2433
909,1,494,-3.97443,1.2433
910,1,495,-3.97471,1.24312
911,1,496,-3.97476,1.24309
912,1,497,-3.97476,1.24309
913,1,498,-3.97484,1.24302
914,1,499,-3.97529,1.24232
915,1,500,-3.98025,1.23968
916,1,501,-3.98281,1.23732
917,1,502,-3.9828,1.2372
918,1,503,-3.98283,1.23718
919,1,504,-3.98289,1.23709
920,1,505,-3.98288,1.23708
921,1,506,-3.98289,1.23707
922,1,507,-3.98289,1.23707
923,1,508,-3.98271,1.23682
924,1,509,-3.98269,1.23673
925,1,510,-3.98269,1.23664
926,1,511,-3.98269,1.23663
927,1,512,-3.98259,1.23652
928,1,513,-3.98254,1.23646
929,1,514,-3.98248,1.23639
930,1,515,-3.98247,1.23636
931,1,516,-3.98247,1.23636
932,1,517,-3.98247,1.23636
933,1,518,-3.98247,1.23636
934,1,519,-3.9827,1.23563
935,1,520,-3.98347,1.23525
936,1,521,-3.98357,1.2352
937,1,522,-3.98357,1.2352
938,1,523,-3.98357,1.2352
939,1,524,-3.98357,1.2352
940,1,525,-3.98357,1.2352
941,1,526,-3.98357,1.2352
942,1,527,-3.98353,1.23486
943,1,528,-3.98353,1.23486
944,1,529,-3.98353,1.23486
945,1,530,-3.98353,1.23486
946,1,531,-3.98338,1.23476
947,1,532,-3.98336,1.23474
948,1,533,-3.98326,1.23465
949,1,534,-3.98326,1.23465
950,1,535,-3.98325,1.23465
951,1,536,-3.98325,1.23465
952,1,537,-3.98328,1.23454
953,1,538,-3.9833,1.23451
954,1,539,-3.98388,1.23406
955,1,540,-3.98388,1.23404
956,1,541,-3.98389,1.23398
957,1,542,-3.98389,1.23398
958,1,543,-3.98389,1.23393
959,1,544,-3.98389,1.23391
960,1,545,-3.9839,1.2338
961,1,546,-3.98391,1.23362
962,1,547,-3.98391,1.23362
963,1,548,-3.98391,1.23362
964,1,549,-3.98391,1.23362
965,1,550,-3.98391,1.23362
966,1,551,-3.98383,1.23356
967,1,552,-3.98383,1.23356
968,1,553,-3.98383,1.23356
969,1,554,-3.98383,1.23356
970,1,555,-3.98383,1.23356
971,1,556,-3.98383,1.23356
972,1,557,-3.98383,1.23356
973,1,558,-3.98383,1.23356
974,1,559,-3.98383,1.23356
975,1,560,-3.98383,1.23356
976,1,561,-3.98383,1.23356
977,1,562,-3.98383,1.23356
978,1,563,-3.98383,1.23356
979,1,564,-3.98383,1.23356
980,1,565,-3.98383,1.23356
981,1,566,-3.98383,1.23356
982,1,567,-3.98383,1.23355
983,1,568,-3.98383,1.23351
984,1,569,-3.98383,1.23351
985,1,570,-3.98383,1.23349
986,1,571,-3.98383,1.23349
987,1,572,-3.98383,1.23349
988,1,573,-3.9842,1.23253
989,1,574,-3.98436,1.23236
990,1,575,-3.98437,1.23235
991,1,576,-3.98437,1.23235
992,1,577,-3.98436,1.23208
993,1,578,-3.98495,1.23117
994,1,579,-3.98508,1.23098
995,1,580,-3.98493,1.23074
996,1,581,-3.9849,1.2307
997,1,582,-3.98488,1.23065
998,1,583,-3.98488,1.23065
999,1,584,-3.98488,1.23065
1000,1,585,-3.98488,1.23065
1001,1,586,-3.98488,1.23065
1002,1,587,-3.98501,1.23061
1003,1,588,-3.98501,1.23061
1004,1,589,-3.98501,1.23061
1005,1,590,-3.98501,1.23061
1006,1,591,-3.98501,1.23061
1007,1,592,-3.98501,1.23061
1008,1,593,-3.98501,1.23061
1009,1,594,-3.98501,1.23061
1010,1,595,-3.98501,1.23061
1011,1,596,-3.985,1.23061
1012,1,597,-3.98499,1.2306
1013,1,598,-3.98499,1.23059
1014,1,599,-3.98498,1.23058
1015,1,600,-3.98515,1.23032
1016,1,601,-3.98509,1.23002
1017,1,602,-3.98495,1.22993
1018,1,603,-3.98494,1.22991
1019,1,604,-3.9849,1.22987
1020,1,605,-3.9849,1.22986
1021,1,606,-3.98489,1.22983
1022,1,607,-3.98489,1.22983
1023,1,608,-3.98491,1.22965
1024,1,609,-3.98492,1.2296
1025,1,610,-3.98492,1.2296
1026,1,611,-3.98492,1.2296
1027,1,612,-3.98492,1.2296
1028,1,613,-3.98492,1.2296
1029,1,614,-3.98492,1.2296
1030,1,615,-3.98492,1.22959
1031,1,616,-3.98492,1.22958
1032,1,617,-3.98492,1.22958
1033,1,618,-3.98492,1.22957
1034,1,619,-3.98492,1.22957
1035,1,620,-3.9849,1.22953
1036,1,621,-3.9849,1.22953
1037,1,622,-3.9849,1.22953
1038,1,623,-3.98491,1.22951
1039,1,624,-3.98492,1.22952
1040,1,625,-3.98492,1.22952
1041,1,626,-3.98492,1.22952
1042,1,627,-3.98494,1.22949
1043,1,628,-3.98494,1.22947
1044,1,629,-3.98487,1.22935
1045,1,630,-3.98485,1.22933
1046,1,631,-3.98481,1.22918
1047,1,632,-3.98484,1.22911
1048,1,633,-3.9848,1.22902
1049,1,634,-3.98478,1.22898
1050,1,635,-3.98478,1.22898
1051,1,636,-3.98478,1.22898
1052,1,637,-3.98478,1.22898
1053,1,638,-3.98478,1.22898
1054,1,639,-3.98478,1.22898
1055,1,640,-3.98478,1.22898
1056,1,641,-3.98479,1.22896
1057,1,642,-3.98479,1.22894
1058,1,643,-3.98481,1.22891
1059,1,644,-3.98481,1.22891
1060,1,645,-3.98481,1.22891
1061,1,646,-3.98481,1.22891
1062,1,647,-3.98484,1.22883
1063,1,648,-3.98484,1.22883
1064,1,649,-3.98485,1.22881
1065,1,650,-3.98485,1.22881
1066,1,651,-3.98485,1.2288
1067,1,652,-3.98485,1.2288
1068,1,653,-3.98485,1.2288
1069,1,654,-3.98485,1.2288
1070,1,655,-3.98485,1.2288
1071,1,656,-3.98485,1.2288
1072,1,657,-3.98485,1.2288
1073,1,658,-3.98485,1.2288
1074,1,659,-3.98485,1.2288
1075,1,660,-3.98484,1.22879
1076,1,661,-3.98484,1.22879
1077,1,662,-3.98484,1.22879
1078,1,663,-3.98484,1.22879
1079,1,664,-3.98484,1.22879
1080,1,665,-3.98484,1.22878
1081,1,666,-3.98485,1.22877
1082,1,667,-3.98485,1.22877
1083,1,668,-3.98485,1.22877
1084,1,669,-3.98485,1.22876
1085,1,670,-3.98487,1.22872
1086,1,671,-3.98488,1.22872
1087,1,672,-3.98488,1.22872
1088,1,673,-3.98488,1.22872
1089,1,674,-3.98488,1.22872
1090,1,675,-3.98488,1.22872
1091,1,676,-3.98488,1.22872
1092,1,677,-3.98488,1.22872
1093,1,678,-3.98485,1.22864
1094,1,679,-3.98484,1.22861
1095,1,680,-3.98484,1.2286
1096,1,681,-3.98483,1.22855
1097,1,682,-3.98481,1.22854
1098,1,683,-3.9848,1.22853
1099,1,684,-3.9848,1.22853
1100,1,685,-3.9848,1.22853
1101,1,686,-3.9848,1.22853
1102,1,687,-3.9848,1.22853
1103,1,688,-3.9848,1.22853
1104,1,689,-3.9848,1.22853
1105,1,690,-3.9848,1.22853
1106,1,691,-3.9848,1.22853
1107,1,692,-3.9848,1.22853
1108,1,693,-3.98479,1.22852
1109,1,694,-3.98479,1.22852
1110,1,695,-3.98479,1.22852
1111,1,696,-3.98479,1.22852
1112,1,697,-3.98474,1.22837
1113,1,698,-3.98474,1.22837
1114,1,699,-3.98476,1.22837
1115,1,700,-3.98476,1.22837
1116,1,701,-3.98476,1.22837
1117,1,702,-3.98476,1.22837
1118,1,703,-3.98476,1.22837
1119,1,704,-3.98476,1.22837
1120,1,705,-3.98476,1.22837
1121,1,706,-3.98476,1.22837
1122,1,707,-3.98476,1.22837
1123,1,708,-3.98476,1.22837
1124,1,709,-3.98476,1.22837
1125,1,710,-3.98476,1.22837
1126,1,711,-3.98476,1.22837
1127,1,712,-3.98476,1.22837
1128,1,713,-3.98476,1.22837
1129,1,714,-3.98476,1.22837
1130,1,715,-3.98476,1.22837
1131,1,716,-3.98476,1.22837
1132,1,717,-3.98476,1.22837
1133,1,718,-3.98476,1.22837
1134,1,719,-3.98477,1.22837
1135,1,720,-3.98477,1.22837
1136,1,721,-3.98477,1.22837
1137,1,722,-3.98477,1.22837
1138,1,723,-3.98477,1.22837
1139,1,724,-3.98477,1.22837
1140,1,725,-3.98477,1.22837
1141,1,726,-3.98477,1.22837
1142,1,727,-3.98477,1.22837
1143,1,728,-3.98477,1.22837
1144,1,729,-3.9851,1.22806
1145,1,730,-3.9851,1.22806
1146,1,731,-3.9851,1.22806
1147,1,732,-3.98515,1.22803
1148,1,733,-3.98515,1.22803
1149,1,734,-3.98515,1.22803
1150,1,735,-3.98506,1.22796
1151,1,736,-3.98506,1.22796
1152,1,737,-3.985,1.22794
1153,1,738,-3.98489,1.22792
1154,1,739,-3.98488,1.22792
1155,1,740,-3.98488,1.22792
1156,1,741,-3.98488,1.22787
1157,1,742,-3.98487,1.22782
1158,1,743,-3.98487,1.22782
1159,1,744,-3.98487,1.22781
1160,1,745,-3.98487,1.22779
1161,1,746,-3.98487,1.22779
1162,1,747,-3.98487,1.22779
1163,1,748,-3.98485,1.22778
1164,1,749,-3.98485,1.22778
1165,1,750,-3.98485,1.22778
1166,1,751,-3.98485,1.22778
1167,1,752,-3.98485,1.22778
1168,1,753,-3.98485,1.22778
1169,1,754,-3.98485,1.22778
1170,1,755,-3.98485,1.22778
1171,1,756,-3.98485,1.22778
1172,1,757,-3.98485,1.22778
1173,1,758,-3.98485,1.22778
1174,1,759,-3.98492,1.22772
1175,1,760,-3.98492,1.22772
1176,1,761,-3.98492,1.22772
1177,1,762,-3.98492,1.22772
1178,1,763,-3.98489,1.22764
1179,1,764,-3.98489,1.22764
1180,1,765,-3.98489,1.22764
1181,1,766,-3.98489,1.22764
1182,1,767,-3.98488,1.22763
1183,1,768,-3.98488,1.22763
1184,1,769,-3.98488,1.22763
1185,1,770,-3.98488,1.22763
1186,1,771,-3.98488,1.22763
1187,1,772,-3.98488,1.22763
1188,1,773,-3.98489,1.22762
1189,1,774,-3.98489,1.22762
1190,1,775,-3.98489,1.22762
1191,1,776,-3.98489,1.22762
1192,1,777,-3.98489,1.22762
1193,1,778,-3.98489,1.22762
1194,1,779,-3.98489,1.22762
1195,1,780,-3.98489,1.22762
1196,1,781,-3.98489,1.22762
1197,1,782,-3.98489,1.22762
1198,1,783,-3.98489,1.22762
1199,1,784,-3.98489,1.22762
1200,1,785,-3.98488,1.2276
1201,1,786,-3.98488,1.2276
1202,1,787,-3.98488,1.2276
1203,1,788,-3.98489,1.22759
1204,1,789,-3.98506,1.22746
1205,1,790,-3.98508,1.22745
1206,1,791,-3.98508,1.22745
1207,1,792,-3.98509,1.22745
1208,1,793,-3.98509,1.22745
1209,1,794,-3.98509,1.22745
1210,1,795,-3.985,1.2274
1211,1,796,-3.98499,1.2274
1212,1,797,-3.98499,1.2274
1213,1,798,-3.98499,1.2274
1214,1,799,-3.98499,1.2274
1215,1,800,-3.98499,1.2274
1216,1,801,-3.98499,1.2274
1217,1,802,-3.98499,1.2274
1218,1,803,-3.98499,1.2274
1219,1,804,-3.98499,1.2274
1220,1,805,-3.98499,1.2274
1221,1,806,-3.985,1.22727
1222,1,807,-3.98517,1.227
1223,1,808,-3.98517,1.227
1224,1,809,-3.98517,1.227
1225,1,810,-3.98517,1.227
1226,1,811,-3.98517,1.22699
1227,1,812,-3.98516,1.22699
1228,1,813,-3.98516,1.22699
1229,1,814,-3.98523,1.22696
1230,1,815,-3.985,1.22676
1231,1,816,-3.985,1.22674
1232,1,817,-3.98499,1.2267
1233,1,818,-3.98499,1.2267
1234,1,819,-3.98499,1.2267
1235,1,820,-3.98499,1.2267
1236,1,821,-3.98499,1.2267
1237,1,822,-3.98499,1.2267
1238,1,823,-3.98499,1.2267
1239,1,824,-3.98499,1.2267
1240,1,825,-3.98499,1.2267
1241,1,826,-3.98501,1.22669
1242,1,827,-3.98505,1.22669
1243,1,828,-3.98505,1.22669
1244,1,829,-3.98508,1.22666
1245,1,830,-3.98508,1.22666
1246,1,831,-3.98508,1.22666
1247,1,832,-3.98508,1.22666
1248,1,833,-3.98508,1.22666
1249,1,834,-3.98508,1.22666
1250,1,835,-3.98508,1.22666
1251,1,836,-3.98508,1.22666
1252,1,837,-3.98507,1.22652
1253,1,838,-3.98507,1.22652
1254,1,839,-3.98501,1.22651
1255,1,840,-3.98501,1.22651
1256,1,841,-3.98501,1.22651
1257,1,842,-3.98501,1.22651
1258,1,843,-3.98501,1.22651
1259,1,844,-3.98501,1.22651
1260,1,845,-3.98501,1.22651
1261,1,846,-3.98501,1.22651
1262,1,847,-3.98501,1.22651
1263,1,848,-3.98501,1.22651
1264,1,849,-3.98501,1.22651
1265,1,850,-3.98501,1.22651
1266,1,851,-3.98501,1.22651
1267,1,852,-3.98501,1.22651
1268,1,853,-3.98501,1.22651
1269,1,854,-3.98504,1.22644
1270,1,855,-3.98504,1.22643
1271,1,856,-3.98501,1.22636
1272,1,857,-3.985,1.22634
1273,1,858,-3.98504,1.2261
1274,1,859,-3.98507,1.22608
1275,1,860,-3.98507,1.22608
1276,1,861,-3.98507,1.22608
1277,1,862,-3.98506,1.22604
1278,1,863,-3.98502,1.22604
1279,1,864,-3.98502,1.22604
1280,1,865,-3.98502,1.22604
1281,1,866,-3.98502,1.22604
1282,1,867,-3.98502,1.22604
1283,1,868,-3.98502,1.22604
1284,1,869,-3.98502,1.22604
1285,1,870,-3.98502,1.22604
1286,1,871,-3.98502,1.22604
1287,1,872,-3.98502,1.22604
1288,1,873,-3.98491,1.22604
1289,1,874,-3.98485,1.22603
1290,1,875,-3.98485,1.22603
1291,1,876,-3.98485,1.22603
1292,1,877,-3.98485,1.22603
1293,1,878,-3.98489,1.22601
1294,1,879,-3.9849,1.22601
1295,1,880,-3.9849,1.22601
1296,1,881,-3.98498,1.22602
1297,1,882,-3.98501,1.22603
1298,1,883,-3.98503,1.22604
1299,1,884,-3.98505,1.226
1300,1,885,-3.98505,1.22601
1301,1,886,-3.98505,1.22601
1302,1,887,-3.98505,1.22601
1303,1,888,-3.98505,1.22601
1304,1,889,-3.98506,1.22603
1305,1,890,-3.98506,1.22603
1306,1,891,-3.98506,1.22603
1307,1,892,-3.98506,1.22603
1308,1,893,-3.98506,1.22599
1309,1,894,-3.98506,1.22599
1310,1,895,-3.98506,1.22599
1311,1,896,-3.98506,1.22599
1312,1,897,-3.98506,1.22599
1313,1,898,-3.98506,1.22599
1314,1,899,-3.98506,1.22599
1315,1,900,-3.98506,1.22599
1316,1,901,-3.98507,1.22599
1317,1,902,-3.98507,1.22599
1318,1,903,-3.98507,1.22599
1319,1,904,-3.98507,1.22599
1320,1,905,-3.98507,1.22599
1321,1,906,-3.98507,1.22599
1322,1,907,-3.98507,1.22599
1323,1,908,-3.98507,1.22599
1324,1,909,-3.98507,1.22599
1325,1,910,-3.98507,1.22599
1326,1,911,-3.98507,1.22599
1327,1,912,-3.98507,1.22599
1328,1,913,-3.98507,1.22599
1329,1,914,-3.98507,1.22599
1330,1,915,-3.98507,1.22599
1331,1,916,-3.98507,1.22599
1332,1,917,-3.98507,1.22599
1333,1,918,-3.98507,1.22599
1334,1,919,-3.98507,1.22599
1335,1,920,-3.98507,1.22599
1336,1,921,-3.98499,1.2259
1337,1,922,-3.98499,1.2259
1338,1,923,-3.98499,1.2259
1339,1,924,-3.98499,1.2259
1340,1,925,-3.98499,1.2259
1341,1,926,-3.98499,1.2259
1342,1,927,-3.98499,1.2259
1343,1,928,-3.98499,1.2259
1344,1,929,-3.98499,1.2259
1345,1,930,-3.98499,1.2259
1346,1,931,-3.98499,1.2259
1347,1,932,-3.98499,1.2259
1348,1,933,-3.98499,1.2259
1349,1,934,-3.98499,1.2259
1350,1,935,-3.98499,1.2259
1351,1,936,-3.98499,1.2259
1352,1,937,-3.98499,1.2259
1353,1,938,-3.98499,1.2259
1354,1,939,-3.98499,1.2259
1355,1,940,-3.98499,1.2259
1356,1,941,-3.98499,1.2259
1357,1,942,-3.98499,1.2259
1358,1,943,-3.98499,1.2259
1359,1,944,-3.985,1.2259
1360,1,945,-3.985,1.2259
1361,1,946,-3.985,1.2259
1362,1,947,-3.985,1.2259
1363,1,948,-3.985,1.2259
1364,1,949,-3.985,1.2259
1365,1,950,-3.985,1.2259
1366,1,951,-3.985,1.2259
1367,1,952,-3.985,1.2259
1368,1,953,-3.985,1.2259
1369,1,954,-3.985,1.2259
1370,1,955,-3.985,1.2259
1371,1,956,-3.985,1.2259
1372,1,957,-3.985,1.2259
1373,1,958,-3.985,1.2259
1374,1,959,-3.985,1.2259
1375,1,960,-3.985,1.2259
1376,1,961,-3.985,1.2259
1377,1,962,-3.985,1.2259
1378,1,963,-3.985,1.2259
1379,1,964,-3.985,1.2259
1380,1,965,-3.985,1.2259
1381,1,966,-3.985,1.2259
1382,1,967,-3.985,1.2259
1383,1,968,-3.985,1.2259
1384,1,969,-3.985,1.2259
1385,1,970,-3.985,1.2259
1386,1,971,-3.985,1.2259
1387,1,972,-3.985,1.2259
1388,1,973,-3.985,1.2259
1389,1,974,-3.98501,1.2259
1390,1,975,-3.98501,1.2259
1391,1,976,-3.98501,1.2259
1392,1,977,-3.98501,1.2259
1393,1,978,-3.98501,1.2259
1394,1,979,-3.98501,1.2259
1395,1,980,-3.98501,1.2259
1396,1,981,-3.98501,1.2259
1397,1,982,-3.98501,1.2259
1398,1,983,-3.98501,1.2259
1399,1,984,-3.98501,1.2259
1400,1,985,-3.98501,1.2259
1401,1,986,-3.98501,1.2259
1402,1,987,-3.98501,1.2259
1403,1,988,-3.98501,1.2259
1404,1,989,-3.98501,1.2259
1405,1,990,-3.98501,1.2259
1406,1,991,-3.98501,1.2259
1407,1,992,-3.98501,1.2259
1408,1,993,-3.98501,1.22588
1409,1,994,-3.985,1.22585
1410,1,995,-3.985,1.22585
1411,1,996,-3.985,1.22584
1412,1,997,-3.985,1.22584
1413,1,998,-3.985,1.22584
1414,1,999,-3.985,1.22584
1415,1,1000,-3.985,1.22584
1416,1,1001,-3.985,1.22584
1417,1,1002,-3.985,1.22584
1418,1,1003,-3.985,1.22584
1419,1,1004,-3.985,1.22584
1420,1,1005,-3.985,1.22584
1421,1,1006,-3.985,1.22584
1422,1,1007,-3.985,1.22584
1423,1,1008,-3.985,1.22584
1424,1,1009,-3.985,1.22584
1425,1,1010,-3.985,1.22584
1426,1,1011,-3.985,1.22584
1427,1,1012,-3.985,1.22584
1428,1,1013,-3.985,1.22584
1429,1,1014,-3.985,1.22584
1430,1,1015,-3.985,1.22584
1431,1,1016,-3.985,1.22584
1432,1,1017,-3.985,1.22584
1433,1,1018,-3.985,1.22584
1434,1,1019,-3.985,1.22584
1435,1,1020,-3.985,1.22585
1436,1,1021,-3.985,1.22585
1437,1,1022,-3.985,1.22585
1438,1,1023,-3.985,1.22585
1439,1,1024,-3.985,1.22585
1440,1,1025,-3.985,1.22585
1441,1,1026,-3.985,1.22585
1442,1,1027,-3.985,1.22585
1443,1,1028,-3.985,1.22585
1444,1,1029,-3.985,1.22585
1445,1,1030,-3.985,1.22585
1446,1,1031,-3.985,1.22585
1447,1,1032,-3.985,1.22585
1448,1,1033,-3.985,1.22585
1449,1,1034,-3.985,1.22585
1450,1,1035,-3.985,1.22585
1451,1,1036,-3.985,1.22585
1452,1,1037,-3.985,1.22585
1453,1,1038,-3.985,1.22585
1454,1,1039,-3.985,1.22585
1455,1,1040,-3.985,1.22585
1456,1,1041,-3.985,1.22585
1457,1,1042,-3.985,1.22585
1458,1,1043,-3.985,1.22585
1459,1,1044,-3.985,1.22585
1460,1,1045,-3.985,1.22585
1461,1,1046,-3.985,1.22585
1462,1,1047,-3.985,1.22585
1463,1,1048,-3.985,1.22585
1464,1,1049,-3.985,1.22585
1465,1,1050,-3.985,1.22585
1466,1,1051,-3.985,1.22585
1467,1,1052,-3.985,1.22585
1468,1,1053,-3.985,1.22585
1469,1,1054,-3.985,1.22585
1470,1,1055,-3.985,1.22585
1471,1,1056,-3.985,1.22584
1472,1,1057,-3.985,1.22584
1473,1,1058,-3.985,1.22584
1474,1,1059,-3.985,1.22584
1475,1,1060,-3.985,1.22584
1476,1,1061,-3.985,1.22584
1477,1,1062,-3.985,1.22584
1478,1,1063,-3.985,1.22584
1479,1,1064,-3.985,1.22584
1480,1,1065,-3.985,1.22584
1481,1,1066,-3.985,1.22584
1482,1,1067,-3.985,1.22584
1483,1,1068,-3.985,1.22584
1484,1,1069,-3.985,1.22584
1485,1,1070,-3.985,1.22584
1486,1,1071,-3.985,1.22584
1487,1,1072,-3.985,1.22584
1488,1,1073,-3.985,1.22584
1489,1,1074,-3.985,1.22585
1490,1,1075,-3.985,1.22585
1491,1,1076,-3.985,1.22585
1492,1,1077,-3.985,1.22585
1493,1,1078,-3.985,1.22585
1494,1,1079,-3.985,1.22585
1495,1,1080,-3.985,1.22585
1496,1,1081,-3.985,1.22585
1497,1,1082,-3.985,1.22585
1498,1,1083,-3.985,1.22585
1499,1,1084,-3.985,1.22585
1500,1,1085,-3.985,1.22585
1501,1,1086,-3.985,1.22585
1502,1,1087,-3.985,1.22585
1503,1,1088,-3.985,1.22585
1504,1,1089,-3.985,1.22585
1505,1,1090,-3.985,1.22585
1506,1,1091,-3.985,1.22585
1507,1,1092,-3.985,1.22585
1508,1,1093,-3.985,1.22585
1509,1,1094,-3.98498,1.22584
1510,1,1095,-3.98498,1.22584
1511,1,1096,-3.98498,1.22584
1512,1,1097,-3.98498,1.22584
1513,1,1098,-3.98498,1.22584
1514,1,1099,-3.98498,1.22584
1515,1,1100,-3.98498,1.22584
1516,1,1101,-3.98498,1.22584
1517,1,1102,-3.98498,1.22584
1518,1,1103,-3.98498,1.22584
1519,1,1104,-3.98498,1.22584
1520,1,1105,-3.98498,1.22584
1521,1,1106,-3.98498,1.22584
1522,1,1107,-3.98498,1.22584
1523,1,1108,-3.98498,1.22584
1524,1,1109,-3.98498,1.22584
1525,1,1110,-3.98498,1.22585
1526,1,1111,-3.98498,1.22585
1527,1,1112,-3.98498,1.22585
1528,1,1113,-3.98498,1.22585
1529,1,1114,-3.98498,1.22585
1530,1,1115,-3.98498,1.22585
1531,1,1116,-3.98498,1.22585
1532,1,1117,-3.98498,1.22585
1533,1,1118,-3.98498,1.22585
1534,1,1119,-3.98498,1.22585
1535,1,1120,-3.98498,1.22585
1536,1,1121,-3.98498,1.22585
1537,1,1122,-3.98498,1.22585
1538,1,1123,-3.98498,1.22585
1539,1,1124,-3.98498,1.22585
1540,1,1125,-3.98498,1.22585
1541,1,1126,-3.98498,1.22585
1542,1,1127,-3.98498,1.22585
1543,1,1128,-3.98498,1.22585
1544,1,1129,-3.98499,1.22588
1545,1,1130,-3.98499,1.22588
1546,1,1131,-3.98499,1.22588
1547,1,1132,-3.98499,1.22588
1548,1,1133,-3.98499,1.22588
1549,1,1134,-3.98499,1.22588
1550,1,1135,-3.98499,1.22588
1551,1,1136,-3.98499,1.22588
1552,1,1137,-3.98499,1.22588
1553,1,1138,-3.98499,1.22588
1554,1,1139,-3.98499,1.22588
1555,1,1140,-3.98499,1.22588
1556,1,1141,-3.98499,1.22588
1557,1,1142,-3.98499,1.22588
1558,1,1143,-3.98499,1.22588
1559,1,1144,-3.98499,1.22588
1560,1,1145,-3.98499,1.22588
1561,1,1146,-3.98499,1.22588
1562,1,1147,-3.98499,1.22588
1563,1,1148,-3.98499,1.22587
1564,1,1149,-3.98499,1.22587
1565,1,1150,-3.98499,1.22587
1566,1,1151,-3.98499,1.22587
1567,1,1152,-3.98499,1.22587
1568,1,1153,-3.98499,1.22587
1569,1,1154,-3.98499,1.22587
1570,1,1155,-3.98499,1.22587
1571,1,1156,-3.98497,1.22586
1572,1,1157,-3.98497,1.22586
1573,1,1158,-3.98497,1.22586
1574,1,1159,-3.98497,1.22586
1575,1,1160,-3.98497,1.22586
1576,1,1161,-3.98497,1.22586
1577,1,1162,-3.98497,1.22586
1578,1,1163,-3.98497,1.22586
1579,1,1164,-3.98497,1.22586
1580,1,1165,-3.98497,1.22586
1581,1,1166,-3.98497,1.22586
1582,1,1167,-3.98497,1.22586
1583,1,1168,-3.98497,1.22586
1584,1,1169,-3.98497,1.22586
1585,1,1170,-3.98497,1.22586
1586,1,1171,-3.98497,1.22586
1587,1,1172,-3.98497,1.22586
1588,1,1173,-3.98497,1.22586
1589,1,1174,-3.98497,1.22586
1590,1,1175,-3.98497,1.22586
1591,1,1176,-3.98497,1.22586
1592,1,1177,-3.98497,1.22586
1593,1,1178,-3.98498,1.22585
1594,1,1179,-3.98497,1.22585
1595,1,1180,-3.98497,1.22584
1596,1,1181,-3.98497,1.22584
1597,1,1182,-3.98497,1.22584
1598,1,1183,-3.98497,1.22584
1599,1,1184,-3.98497,1.22584
1600,1,1185,-3.98497,1.22584
1601,1,1186,-3.98497,1.22584
1602,1,1187,-3.98497,1.22582
1603,1,1188,-3.98497,1.22582
1604,1,1189,-3.98497,1.22582
1605,1,1190,-3.98497,1.22581
1606,1,1191,-3.98497,1.22581
1607,1,1192,-3.98497,1.22581
1608,1,1193,-3.98497,1.22581
1609,1,1194,-3.98497,1.22581
1610,1,1195,-3.98497,1.22581
1611,1,1196,-3.98496,1.22581
1612,1,1197,-3.98496,1.22581
1613,1,1198,-3.98496,1.22581
1614,1,1199,-3.98496,1.22581
1615,1,1200,-3.98496,1.22581
1616,1,1201,-3.98496,1.22581
1617,1,1202,-3.98496,1.22581
1618,1,1203,-3.98496,1.22581
1619,1,1204,-3.98496,1.22581
1620,1,1205,-3.98496,1.22581
1621,1,1206,-3.98496,1.22581
1622,1,1207,-3.98496,1.22581
1623,1,1208,-3.98496,1.22581
1624,1,1209,-3.98496,1.22581
1625,1,1210,-3.98496,1.22581
1626,1,1211,-3.98496,1.22581
1627,1,1212,-3.98496,1.22581
1628,1,1213,-3.98496,1.22581
1629,1,1214,-3.98496,1.22581
1630,1,1215,-3.98496,1.22581
1631,1,1216,-3.98496,1.22581
1632,1,1217,-3.98496,1.22581
1633,1,1218,-3.98496,1.22581
1634,1,1219,-3.98496,1.22581
1635,1,1220,-3.98496,1.22581
1636,1,1221,-3.98496,1.22581
1637,1,1222,-3.98496,1.22581
1638,1,1223,-3.98496,1.22581
1639,1,1224,-3.98496,1.22581
1640,1,1225,-3.98496,1.22581
1641,1,1226,-3.98496,1.22581
1642,1,1227,-3.98496,1.22581
1643,1,1228,-3.98496,1.22581
1644,1,1229,-3.98496,1.22581
1645,1,1230,-3.98496,1.22581
1646,1,1231,-3.98496,1.22581
1647,1,1232,-3.98496,1.22581
1648,1,1233,-3.98496,1.22581
1649,1,1234,-3.98496,1.22581
1650,1,1235,-3.98496,1.22582
1651,1,1236,-3.98496,1.22582
1652,1,1237,-3.98496,1.22582
1653,1,1238,-3.98496,1.22582
1654,1,1239,-3.98496,1.22582
1655,1,1240,-3.98496,1.22582
1656,1,1241,-3.98495,1.22581
1657,1,1242,-3.98495,1.22581
1658,1,1243,-3.98495,1.22581
1659,1,1244,-3.98495,1.22581
1660,1,1245,-3.98495,1.22581
1661,1,1246,-3.98495,1.22581
1662,1,1247,-3.98495,1.22581
1663,1,1248,-3.98495,1.22581
1664,1,1249,-3.98495,1.22581
1665,1,1250,-3.98494,1.2258
1666,1,1251,-3.98494,1.22579
1667,1,1252,-3.98494,1.2258
1668,1,1253,-3.98494,1.2258
1669,1,1254,-3.98494,1.2258
1670,1,1255,-3.98494,1.2258
1671,1,1256,-3.98494,1.2258
1672,1,1257,-3.98494,1.2258
1673,1,1258,-3.98494,1.2258
1674,1,1259,-3.98494,1.2258
1675,1,1260,-3.98494,1.2258
1676,1,1261,-3.98494,1.2258
1677,1,1262,-3.98494,1.2258
1678,1,1263,-3.98494,1.2258
1679,1,1264,-3.98494,1.2258
1680,1,1265,-3.98494,1.2258
1681,1,1266,-3.98494,1.2258
1682,1,1267,-3.98494,1.2258
1683,1,1268,-3.98494,1.2258
1684,1,1269,-3.98494,1.2258
1685,1,1270,-3.98494,1.2258
1686,1,1271,-3.98494,1.2258
1687,1,1272,-3.98494,1.2258
1688,1,1273,-3.98494,1.2258
1689,1,1274,-3.98494,1.2258
1690,1,1275,-3.98494,1.22581
1691,1,1276,-3.98494,1.22581
1692,1,1277,-3.98494,1.22581
1693,1,1278,-3.98494,1.22581
1694,1,1279,-3.98494,1.22581
1695,1,1280,-3.98494,1.22581
1696,1,1281,-3.98493,1.2258
1697,1,1282,-3.98493,1.2258
1698,1,1283,-3.98493,1.2258
1699,1,1284,-3.98493,1.2258
1700,1,1285,-3.98493,1.2258
1701,1,1286,-3.98493,1.2258
1702,1,1287,-3.98493,1.2258
1703,1,1288,-3.98493,1.2258
1704,1,1289,-3.98493,1.2258
1705,1,1290,-3.98493,1.2258
1706,1,1291,-3.98493,1.2258
1707,1,1292,-3.98493,1.2258
1708,1,1293,-3.98493,1.2258
1709,1,1294,-3.98493,1.22578
1710,1,1295,-3.98493,1.22578
1711,1,1296,-3.98493,1.22578
1712,1,1297,-3.98493,1.22578
1713,1,1298,-3.98493,1.22578
1714,1,1299,-3.98493,1.22579
1715,1,1300,-3.98493,1.22579
1716,1,1301,-3.98493,1.22579
1717,1,1302,-3.98493,1.22579
1718,1,1303,-3.98493,1.22579
1719,1,1304,-3.98493,1.22579
1720,1,1305,-3.98493,1.22579
1721,1,1306,-3.98493,1.22579
1722,1,1307,-3.98493,1.22579
1723,1,1308,-3.98493,1.22579
1724,1,1309,-3.98493,1.22579
1725,1,1310,-3.98493,1.22579
1726,1,1311,-3.98493,1.22579
1727,1,1312,-3.98493,1.22579
1728,1,1313,-3.98493,1.22578
1729,1,1314,-3.98493,1.22578
1730,1,1315,-3.98493,1.22578
1731,1,1316,-3.98493,1.22578
1732,1,1317,-3.98493,1.22578
1733,1,1318,-3.98493,1.22578
1734,1,1319,-3.98493,1.22578
1735,1,1320,-3.98493,1.22578
1736,1,1321,-3.98493,1.22578
1737,1,1322,-3.98493,1.22578
1738,1,1323,-3.98493,1.22578
1739,1,1324,-3.98493,1.22578
1740,1,1325,-3.98493,1.22578
1741,1,1326,-3.98493,1.22578
1742,1,1327,-3.98493,1.22578
1743,1,1328,-3.98493,1.22578
1744,1,1329,-3.98493,1.22578
1745,1,1330,-3.98493,1.22578
1746,1,1331,-3.98493,1.22578
1747,1,1332,-3.98493,1.22578
1748,1,1333,-3.98493,1.22578
1749,1,1334,-3.98493,1.22578
1750,1,1335,-3.98493,1.22578
1751,1,1336,-3.98493,1.22578
1752,1,1337,-3.98493,1.22578
1753,1,1338,-3.98493,1.22578
1754,1,1339,-3.98493,1.22578
1755,1,1340,-3.98493,1.22578
1756,1,1341,-3.98491,1.22578
1757,1,1342,-3.98491,1.22578
1758,1,1343,-3.98491,1.22578
1759,1,1344,-3.98491,1.22578
1760,1,1345,-3.98491,1.22578
1761,1,1346,-3.98491,1.22578
1762,1,1347,-3.98491,1.22578
1763,1,1348,-3.98491,1.22578
1764,1,1349,-3.98491,1.22578
1765,1,1350,-3.98491,1.22578
1766,1,1351,-3.98491,1.22578
1767,1,1352,-3.98491,1.22578
1768,1,1353,-3.98491,1.22578
1769,1,1354,-3.98491,1.22578
1770,1,1355,-3.98491,1.22578
1771,1,1356,-3.98491,1.22579
1772,1,1357,-3.98491,1.22579
1773,1,1358,-3.98491,1.22579
1774,1,1359,-3.98491,1.22579
1775,1,1360,-3.98491,1.22579
1776,1,1361,-3.98491,1.22579
1777,1,1362,-3.98491,1.22579
1778,1,1363,-3.98491,1.22579
1779,1,1364,-3.98491,1.22579
1780,1,1365,-3.98491,1.22579
1781,1,1366,-3.98491,1.22579
1782,1,1367,-3.98491,1.22579
1783,1,1368,-3.98491,1.22579
1784,1,1369,-3.98491,1.22579
1785,1,1370,-3.98491,1.22579
1786,1,1371,-3.98491,1.22579
1787,1,1372,-3.98491,1.22579
1788,1,1373,-3.98491,1.22579
1789,1,1374,-3.98491,1.22579
1790,1,1375,-3.98491,1.22579
1791,1,1376,-3.98491,1.22579
1792,1,1377,-3.98491,1.22579
1793,1,1378,-3.98491,1.22579
1794,1,1379,-3.98491,1.22579
1795,1,1380,-3.98491,1.22579
1796,1,1381,-3.98491,1.22579
1797,1,1382,-3.98491,1.22579
1798,1,1383,-3.98491,1.22579
1799,1,1384,-3.98491,1.22579
1800,1,1385,-3.98491,1.22579
1801,1,1386,-3.98491,1.22579
1802,1,1387,-3.98491,1.22579
1803,1,1388,-3.98491,1.22579
1804,1,1389,-3.98491,1.22579
1805,1,1390,-3.98491,1.22579
1806,1,1391,-3.98491,1.22579
1807,1,1392,-3.98491,1.22579
1808,1,1393,-3.98491,1.22579
1809,1,1394,-3.98491,1.22579
1810,1,1395,-3.98491,1.22579
1811,1,1396,-3.98491,1.22579
1812,1,1397,-3.98491,1.22579
1813,1,1398,-3.98491,1.22579
1814,1,1399,-3.98491,1.22579
1815,1,1400,-3.98491,1.22579
1816,1,1401,-3.98491,1.22579
1817,1,1402,-3.98491,1.22579
1818,1,1403,-3.98491,1.22579
1819,1,1404,-3.98491,1.22579
1820,1,1405,-3.98491,1.22579
1821,1,1406,-3.98491,1.22579
1822,1,1407,-3.98491,1.22579
1823,1,1408,-3.98491,1.22579
1824,1,1409,-3.98491,1.22579
1825,1,1410,-3.98491,1.22579
1826,1,1411,-3.98491,1.22579
1827,1,1412,-3.98491,1.22579
1828,1,1413,-3.98491,1.22579
1829,1,1414,-3.98491,1.22579
1830,1,1415,-3.98491,1.22579
1831,1,1416,-3.98491,1.22579
1832,1,1417,-3.98491,1.22579
1833,1,1418,-3.98491,1.22579
1834,1,1419,-3.98491,1.22579
1835,1,1420,-3.98491,1.22579
1836,1,1421,-3.98491,1.22579
1837,1,1422,-3.98491,1.22579
1838,1,1423,-3.98491,1.22579
1839,1,1424,-3.98491,1.22579
1840,1,1425,-3.98491,1.22579
1841,1,1426,-3.98491,1.22579
1842,1,1427,-3.98491,1.22579
1843,1,1428,-3.98491,1.22579
1844,1,1429,-3.98491,1.22579
1845,1,1430,-3.98491,1.22579
1846,1,1431,-3.98491,1.22579
1847,1,1432,-3.98492,1.22579
1848,1,1433,-3.98491,1.22579
1849,1,1434,-3.98491,1.22579
1850,1,1435,-3.98491,1.22579
1851,1,1436,-3.98491,1.22579
1852,1,1437,-3.98491,1.22579
1853,1,1438,-3.98491,1.2258
1854,1,1439,-3.98491,1.2258
1855,1,1440,-3.98491,1.22581
1856,1,1441,-3.98491,1.22581
1857,1,1442,-3.98491,1.22581
1858,1,1443,-3.98491,1.22581
1859,1,1444,-3.98491,1.22581
1860,1,1445,-3.98491,1.22581
1861,1,1446,-3.98491,1.22581
1862,1,1447,-3.98491,1.22581
1863,1,1448,-3.98491,1.22582
1864,1,1449,-3.98491,1.22582
1865,1,1450,-3.98491,1.22582
1866,1,1451,-3.98491,1.22582
1867,1,1452,-3.98491,1.22582
1868,1,1453,-3.98491,1.22582
1869,1,1454,-3.98491,1.22582
1870,1,1455,-3.98491,1.22582
1871,1,1456,-3.98491,1.22582
1872,1,1457,-3.98491,1.22582
1873,1,1458,-3.98491,1.22582
1874,1,1459,-3.98491,1.22582
1875,1,1460,-3.98491,1.22582
1876,1,1461,-3.9849,1.22582
1877,1,1462,-3.9849,1.22582
1878,1,1463,-3.9849,1.22582
1879,1,1464,-3.9849,1.22582
1880,1,1465,-3.9849,1.22582
1881,1,1466,-3.9849,1.22582
1882,1,1467,-3.9849,1.22582
1883,1,1468,-3.9849,1.22582
1884,1,1469,-3.9849,1.22582
1885,1,1470,-3.9849,1.22582
1886,1,1471,-3.9849,1.22582
1887,1,1472,-3.9849,1.22582
1888,1,1473,-3.9849,1.22582
1889,1,1474,-3.9849,1.22582
1890,1,1475,-3.9849,1.22582
1891,1,1476,-3.9849,1.22582
1892,1,1477,-3.9849,1.22582
1893,1,1478,-3.9849,1.22582
1894,1,1479,-3.9849,1.22582
1895,1,1480,-3.9849,1.22582
1896,1,1481,-3.9849,1.22582
1897,1,1482,-3.9849,1.22583
1898,1,1483,-3.9849,1.22583
1899,1,1484,-3.9849,1.22583
1900,1,1485,-3.9849,1.22583
1901,1,1486,-3.9849,1.22583
1902,1,1487,-3.9849,1.22583
1903,1,1488,-3.9849,1.22583
1904,1,1489,-3.9849,1.22583
1905,1,1490,-3.9849,1.22583
1906,1,1491,-3.9849,1.22583
1907,1,1492,-3.9849,1.22583
1908,1,1493,-3.9849,1.22583
1909,1,1494,-3.9849,1.22583
1910,1,1495,-3.9849,1.22583
1911,1,1496,-3.9849,1.22583
1912,1,1497,-3.9849,1.22583
1913,1,1498,-3.9849,1.22583
1914,1,1499,-3.9849,1.22583
1915,1,1500,-3.9849,1.22583
1916,1,1501,-3.9849,1.22583
1917,1,1502,-3.9849,1.22583
1918,1,1503,-3.9849,1.22583
1919,1,1504,-3.9849,1.22583
1920,1,1505,-3.9849,1.22583
1921,1,1506,-3.9849,1.22583
1922,1,1507,-3.9849,1.22583
1923,1,1508,-3.9849,1.22583
1924,1,1509,-3.9849,1.22583
1925,1,1510,-3.9849,1.22583
1926,1,1511,-3.9849,1.22583
1927,1,1512,-3.9849,1.22583
1928,1,1513,-3.9849,1.22583
1929,1,1514,-3.9849,1.22583
1930,1,1515,-3.9849,1.22583
1931,1,1516,-3.9849,1.22583
1932,1,1517,-3.9849,1.22583
1933,1,1518,-3.9849,1.22583
1934,1,1519,-3.9849,1.22583
1935,1,1520,-3.9849,1.22583
1936,1,1521,-3.9849,1.22583
1937,1,1522,-3.9849,1.22583
1938,1,1523,-3.9849,1.22583
1939,1,1524,-3.9849,1.22583
1940,1,1525,-3.9849,1.22583
1941,1,1526,-3.9849,1.22583
1942,1,1527,-3.9849,1.22583
1943,1,1528,-3.9849,1.22583
1944,1,1529,-3.9849,1.22583
1945,1,1530,-3.9849,1.22583
1946,1,1531,-3.9849,1.22583
1947,1,1532,-3.9849,1.22583
1948,1,1533,-3.9849,1.22583
1949,1,1534,-3.9849,1.22584
1950,1,1535,-3.9849,1.22584
1951,1,1536,-3.9849,1.22584
1952,1,1537,-3.9849,1.22584
1953,1,1538,-3.9849,1.22584
1954,1,1539,-3.9849,1.22584
1955,1,1540,-3.9849,1.22584
1956,1,1541,-3.9849,1.22584
1957,1,1542,-3.9849,1.22584
1958,1,1543,-3.9849,1.22584
1959,1,1544,-3.9849,1.22584
1960,1,1545,-3.9849,1.22584
1961,1,1546,-3.9849,1.22584
1962,1,1547,-3.9849,1.22584
1963,1,1548,-3.9849,1.22583
1964,1,1549,-3.9849,1.22582
1965,1,1550,-3.9849,1.22582
1966,1,1551,-3.9849,1.22582
1967,1,1552,-3.9849,1.22581
1968,1,1553,-3.9849,1.22581
1969,1,1554,-3.9849,1.22581
1970,1,1555,-3.9849,1.22581
1971,1,1556,-3.9849,1.22581
1972,1,1557,-3.9849,1.22581
1973,1,1558,-3.9849,1.22581
1974,1,1559,-3.9849,1.22581
1975,1,1560,-3.9849,1.22581
1976,1,1561,-3.9849,1.22581
1977,1,1562,-3.9849,1.22581
1978,1,1563,-3.9849,1.22581
1979,1,1564,-3.98491,1.22581
1980,1,1565,-3.9849,1.22581
1981,1,1566,-3.9849,1.22581
1982,1,1567,-3.9849,1.22581
1983,1,1568,-3.9849,1.22581
1984,1,1569,-3.9849,1.22581
1985,1,1570,-3.9849,1.22582
1986,1,1571,-3.9849,1.22582
1987,1,1572,-3.9849,1.22582
1988,1,1573,-3.9849,1.22582
1989,1,1574,-3.9849,1.22582
1990,1,1575,-3.98489,1.22582
1991,1,1576,-3.98489,1.22582
1992,1,1577,-3.98489,1.22582
1993,1,1578,-3.98489,1.22582
1994,1,1579,-3.98489,1.22582
1995,1,1580,-3.98489,1.22582
1996,1,1581,-3.98489,1.22582
1997,1,1582,-3.98489,1.22582
1998,1,1583,-3.98489,1.22582
1999,1,1584,-3.98489,1.22582
2000,1,1585,-3.98489,1.22582
2001,1,1586,-3.98489,1.22582
2002,1,1587,-3.98489,1.22582
2003,1,1588,-3.98489,1.22582
2004,1,1589,-3.98489,1.22582
2005,1,1590,-3.98489,1.22582
2006,1,1591,-3.98489,1.22582
2007,1,1592,-3.98489,1.22582
2008,1,1593,-3.98489,1.22582
2009,1,1594,-3.98489,1.22582
2010,1,1595,-3.98489,1.22582
2011,1,1596,-3.98489,1.22582
2012,1,1597,-3.98489,1.22582
2013,1,1598,-3.98489,1.22582
2014,1,1599,-3.98489,1.22582
2015,1,1600,-3.98489,1.22582
2016,1,1601,-3.98489,1.22582
2017,1,1602,-3.98489,1.22582
2018,1,1603,-3.98489,1.22582
2019,1,1604,-3.98489,1.22582
2020,1,1605,-3.98489,1.22583
2021,1,1606,-3.98489,1.22583
2022,1,1607,-3.98489,1.22583
2023,1,1608,-3.98489,1.22583
2024,1,1609,-3.98489,1.22583
2025,1,1610,-3.98489,1.22582
2026,1,1611,-3.98489,1.22582
2027,1,1612,-3.98489,1.22582
2028,1,1613,-3.98489,1.22582
2029,1,1614,-3.98489,1.22582
2030,1,1615,-3.98489,1.22582
2031,1,1616,-3.98489,1.22582
2032,1,1617,-3.98489,1.22582
2033,1,1618,-3.98489,1.22583
2034,1,1619,-3.98489,1.22583
2035,1,1620,-3.98489,1.22583
2036,1,1621,-3.98489,1.22583
2037,1,1622,-3.98489,1.22583
2038,1,1623,-3.98489,1.22583
2039,1,1624,-3.98489,1.22583
2040,1,1625,-3.98489,1.22583
2041,1,1626,-3.98488,1.22583
2042,1,1627,-3.98488,1.22583
2043,1,1628,-3.98488,1.22583
2044,1,1629,-3.98488,1.22584
2045,1,1630,-3.98488,1.22584
2046,1,1631,-3.98488,1.22584
2047,1,1632,-3.98488,1.22584
2048,1,1633,-3.98488,1.22584
2049,1,1634,-3.98488,1.22584
2050,1,1635,-3.98488,1.22584
2051,1,1636,-3.98488,1.22584
2052,1,1637,-3.98488,1.22584
2053,1,1638,-3.98488,1.22584
2054,1,1639,-3.98488,1.22584
2055,1,1640,-3.98488,1.22584
2056,1,1641,-3.98488,1.22584
2057,1,1642,-3.98488,1.22584
2058,1,1643,-3.98488,1.22584
2059,1,1644,-3.98488,1.22584
2060,1,1645,-3.98488,1.22584
2061,1,1646,-3.98488,1.22584
2062,1,1647,-3.98488,1.22584
2063,1,1648,-3.98488,1.22584
2064,1,1649,-3.98488,1.22584
2065,1,1650,-3.98488,1.22584
2066,1,1651,-3.98488,1.22584
2067,1,1652,-3.98488,1.22584
2068,1,1653,-3.98487,1.22584
2069,1,1654,-3.98487,1.22584
2070,1,1655,-3.98487,1.22584
2071,1,1656,-3.98487,1.22584
2072,1,1657,-3.98487,1.22584
2073,1,1658,-3.98487,1.22584
2074,1,1659,-3.98487,1.22584
2075,1,1660,-3.98487,1.22584
2076,1,1661,-3.98487,1.22584
2077,1,1662,-3.98487,1.22584
2078,1,1663,-3.98487,1.22584
2079,1,1664,-3.98487,1.22584
2080,1,1665,-3.98487,1.22584
2081,1,1666,-3.98487,1.22584
2082,1,1667,-3.98487,1.22584
2083,1,1668,-3.98487,1.22584
2084,1,1669,-3.98487,1.22584
2085,1,1670,-3.98487,1.22584
2086,1,1671,-3.98487,1.22584
2087,1,1672,-3.98487,1.22584
2088,1,1673,-3.98487,1.22584
2089,1,1674,-3.98487,1.22584
2090,1,1675,-3.98487,1.22584
2091,1,1676,-3.98487,1.22584
2092,1,1677,-3.98487,1.22584
2093,1,1678,-3.98487,1.22584
2094,1,1679,-3.98487,1.22584
2095,1,1680,-3.98487,1.22584
2096,1,1681,-3.98487,1.22584
2097,1,1682,-3.98487,1.22584
2098,1,1683,-3.98487,1.22584
2099,1,1684,-3.98487,1.22584
2100,1,1685,-3.98487,1.22584
2101,1,1686,-3.98487,1.22584
2102,1,1687,-3.98487,1.22584
2103,1,1688,-3.98487,1.22584
2104,1,1689,-3.98487,1.22584
2105,1,1690,-3.98487,1.22584
2106,1,1691,-3.98487,1.22584
2107,1,1692,-3.98487,1.22585
2108,1,1693,-3.98487,1.22585
2109,1,1694,-3.98487,1.22585
2110,1,1695,-3.98487,1.22585
2111,1,1696,-3.98487,1.22585
2112,1,1697,-3.98487,1.22585
2113,1,1698,-3.98487,1.22585
2114,1,1699,-3.98487,1.22585
2115,1,1700,-3.98487,1.22585
2116,1,1701,-3.98487,1.22585
2117,1,1702,-3.98487,1.22585
2118,1,1703,-3.98487,1.22585
2119,1,1704,-3.98487,1.22585
2120,1,1705,-3.98487,1.22585
2121,1,1706,-3.98487,1.22585
2122,1,1707,-3.98487,1.22585
2123,1,1708,-3.98487,1.22585
2124,1,1709,-3.98487,1.22585
2125,1,1710,-3.98487,1.22585
2126,1,1711,-3.98487,1.22585
2127,1,1712,-3.98487,1.22585
2128,1,1713,-3.98487,1.22585
2129,1,1714,-3.98487,1.22585
2130,1,1715,-3.98487,1.22585
2131,1,1716,-3.98487,1.22585
2132,1,1717,-3.98487,1.22585
2133,1,1718,-3.98487,1.22585
2134,1,1719,-3.98487,1.22585
2135,1,1720,-3.98486,1.22586
2136,1,1721,-3.98486,1.22586
2137,1,1722,-3.98486,1.22586
2138,1,1723,-3.98486,1.22586
2139,1,1724,-3.98486,1.22586
2140,1,1725,-3.98486,1.22586
2141,1,1726,-3.98486,1.22586
2142,1,1727,-3.98486,1.22586
2143,1,1728,-3.98486,1.22586
2144,1,1729,-3.98486,1.22586
2145,1,1730,-3.98486,1.22586
2146,1,1731,-3.98486,1.22587
2147,1,1732,-3.98486,1.22587
2148,1,1733,-3.98486,1.22586
2149,1,1734,-3.98486,1.22586
2150,1,1735,-3.98486,1.22586
2151,1,1736,-3.98486,1.22585
2152,1,1737,-3.98486,1.22584
2153,1,1738,-3.98486,1.22584
2154,1,1739,-3.98486,1.22584
2155,1,1740,-3.98486,1.22584
2156,1,1741,-3.98486,1.22584
2157,1,1742,-3.98486,1.22584
2158,1,1743,-3.98486,1.22584
2159,1,1744,-3.98486,1.22584
2160,1,1745,-3.98486,1.22584
2161,1,1746,-3.98486,1.22584
2162,1,1747,-3.98486,1.22584
2163,1,1748,-3.98486,1.22584
2164,1,1749,-3.98486,1.22584
2165,1,1750,-3.98486,1.22584
2166,1,1751,-3.98486,1.22584
2167,1,1752,-3.98486,1.22584
2168,1,1753,-3.98486,1.22584
2169,1,1754,-3.98486,1.22584
2170,1,1755,-3.98486,1.22584
2171,1,1756,-3.98486,1.22584
2172,1,1757,-3.98486,1.22584
2173,1,1758,-3.98486,1.22584
2174,1,1759,-3.98486,1.22584
2175,1,1760,-3.98486,1.22584
2176,1,1761,-3.98486,1.22584
2177,1,1762,-3.98487,1.22584
2178,1,1763,-3.98487,1.22584
2179,1,1764,-3.98487,1.22584
2180,1,1765,-3.98487,1.22584
2181,1,1766,-3.98487,1.22584
2182,1,1767,-3.98487,1.22584
2183,1,1768,-3.98487,1.22584
2184,1,1769,-3.98487,1.22584
2185,1,1770,-3.98487,1.22584
2186,1,1771,-3.98487,1.22584
2187,1,1772,-3.98487,1.22584
2188,1,1773,-3.98487,1.22584
2189,1,1774,-3.98487,1.22584
2190,1,1775,-3.98487,1.22584
2191,1,1776,-3.98487,1.22584
2192,1,1777,-3.98487,1.22584
2193,1,1778,-3.98487,1.22584
2194,1,1779,-3.98487,1.22584
2195,1,1780,-3.98487,1.22584
2196,1,1781,-3.98487,1.22584
2197,1,1782,-3.98487,1.22584
2198,1,1783,-3.98487,1.22584
2199,1,1784,-3.98487,1.22584
2200,1,1785,-3.98487,1.22584
2201,1,1786,-3.98487,1.22584
2202,1,1787,-3.98487,1.22584
2203,1,1788,-3.98487,1.22584
2204,1,1789,-3.98487,1.22584
2205,1,1790,-3.98486,1.22584
2206,1,1791,-3.98486,1.22584
2207,1,1792,-3.98486,1.22584
2208,1,1793,-3.98486,1.22584
2209,1,1794,-3.98486,1.22584
2210,1,1795,-3.98486,1.22584
2211,1,1796,-3.98486,1.22584
2212,1,1797,-3.98486,1.22584
2213,1,1798,-3.98486,1.22584
2214,1,1799,-3.98486,1.22584
2215,1,1800,-3.98486,1.22584
2216,1,1801,-3.98486,1.22584
2217,1,1802,-3.98486,1.22584
2218,1,1803,-3.98486,1.22584
2219,1,1804,-3.98486,1.22584
2220,1,1805,-3.98486,1.22584
2221,1,1806,-3.98486,1.22584
2222,1,1807,-3.98486,1.22584
2223,1,1808,-3.98486,1.22584
2224,1,1809,-3.98486,1.22584
2225,1,1810,-3.98486,1.22584
2226,1,1811,-3.98486,1.22584
2227,1,1812,-3.98486,1.22584
2228,1,1813,-3.98486,1.22584
2229,1,1814,-3.98486,1.22584
2230,1,1815,-3.98486,1.22584
2231,1,1816,-3.98486,1.22584
2232,1,1817,-3.98486,1.22584
2233,1,1818,-3.98486,1.22584
2234,1,1819,-3.98486,1.22584
2235,1,1820,-3.98486,1.22584
2236,1,1821,-3.98486,1.22584
2237,1,1822,-3.98486,1.22584
2238,1,1823,-3.98486,1.22584
2239,1,1824,-3.98486,1.22585
2240,1,1825,-3.98486,1.22585
2241,1,1826,-3.98485,1.22585
2242,1,1827,-3.98485,1.22585
2243,1,1828,-3.98485,1.22585
2244,1,1829,-3.98486,1.22584
2245,1,1830,-3.98486,1.22584
2246,1,1831,-3.98486,1.22584
2247,1,1832,-3.98486,1.22584
2248,1,1833,-3.98486,1.22584
2249,1,1834,-3.98486,1.22584
2250,1,1835,-3.98486,1.22584
2251,1,1836,-3.98485,1.22584
2252,1,1837,-3.98485,1.22584
2253,1,1838,-3.98485,1.22584
2254,1,1839,-3.98485,1.22584
2255,1,1840,-3.98485,1.22584
2256,1,1841,-3.98485,1.22584
2257,1,1842,-3.98485,1.22584
2258,1,1843,-3.98485,1.22584
2259,1,1844,-3.98485,1.22584
2260,1,1845,-3.98485,1.22584
2261,1,1846,-3.98485,1.22583
2262,1,1847,-3.98485,1.22583
2263,1,1848,-3.98485,1.22583
2264,1,1849,-3.98485,1.22583
2265,1,1850,-3.98485,1.22583
2266,1,1851,-3.98485,1.22583
2267,1,1852,-3.98485,1.22584
2268,1,1853,-3.98485,1.22584
2269,1,1854,-3.98485,1.22584
2270,1,1855,-3.98485,1.22584
2271,1,1856,-3.98485,1.22584
2272,1,1857,-3.98485,1.22584
2273,1,1858,-3.98485,1.22584
2274,1,1859,-3.98485,1.22584
2275,1,1860,-3.98485,1.22584
2276,1,1861,-3.98485,1.22584
2277,1,1862,-3.98485,1.22584
2278,1,1863,-3.98485,1.22584
2279,1,1864,-3.98484,1.22585
2280,1,1865,-3.98484,1.22585
2281,1,1866,-3.98484,1.22585
2282,1,1867,-3.98484,1.22585
2283,1,1868,-3.98484,1.22585
2284,1,1869,-3.98484,1.22585
2285,1,1870,-3.98484,1.22585
2286,1,1871,-3.98484,1.22585
2287,1,1872,-3.98484,1.22585
2288,1,1873,-3.98484,1.22585
2289,1,1874,-3.98484,1.22585
2290,1,1875,-3.98484,1.22585
2291,1,1876,-3.98485,1.22585
2292,1,1877,-3.98485,1.22585
2293,1,1878,-3.98485,1.22585
2294,1,1879,-3.98485,1.22585
2295,1,1880,-3.98485,1.22585
2296,1,1881,-3.98485,1.22585
2297,1,1882,-3.98485,1.22585
2298,1,1883,-3.98485,1.22585
2299,1,1884,-3.98485,1.22585
2300,1,1885,-3.98485,1.22585
2301,1,1886,-3.98485,1.22585
2302,1,1887,-3.98485,1.22585
2303,1,1888,-3.98485,1.22585
2304,1,1889,-3.98485,1.22585
2305,1,1890,-3.98485,1.22585
2306,1,1891,-3.98485,1.22585
2307,1,1892,-3.98485,1.22585
2308,1,1893,-3.98485,1.22585
2309,1,1894,-3.98485,1.22585
2310,1,1895,-3.98485,1.22585
2311,1,1896,-3.98485,1.22585
2312,1,1897,-3.98485,1.22585
2313,1,1898,-3.98485,1.22585
2314,1,1899,-3.98485,1.22585
2315,1,1900,-3.98485,1.22585
2316,1,1901,-3.98485,1.22585
2317,1,1902,-3.98485,1.22585
2318,1,1903,-3.98485,1.22585
2319,1,1904,-3.98485,1.22585
2320,1,1905,-3.98485,1.22585
2321,1,1906,-3.98485,1.22585
2322,1,1907,-3.98485,1.22585
2323,1,1908,-3.98485,1.22585
2324,1,1909,-3.98485,1.22585
2325,1,1910,-3.98485,1.22585
2326,1,1911,-3.98485,1.22585
2327,1,1912,-3.98485,1.22585
2328,1,1913,-3.98485,1.22585
2329,1,1914,-3.98485,1.22585
2330,1,1915,-3.98485,1.22585
2331,1,1916,-3.98485,1.22585
2332,1,1917,-3.98485,1.22585
2333,1,1918,-3.98485,1.22585
2334,1,1919,-3.98485,1.22585
2335,1,1920,-3.98485,1.22585
2336,1,1921,-3.98485,1.22585
2337,1,1922,-3.98485,1.22585
2338,1,1923,-3.98485,1.22585
2339,1,1924,-3.98485,1.22585
2340,1,1925,-3.98485,1.22585
2341,1,1926,-3.98486,1.22585
2342,1,1927,-3.98486,1.22585
2343,1,1928,-3.98486,1.22585
2344,1,1929,-3.98486,1.22585
2345,1,1930,-3.98486,1.22585
2346,1,1931,-3.98486,1.22585
2347,1,1932,-3.98486,1.22585
2348,1,1933,-3.98486,1.22585
2349,1,1934,-3.98486,1.22585
2350,1,1935,-3.98486,1.22584
2351,1,1936,-3.98486,1.22584
2352,1,1937,-3.98486,1.22584
2353,1,1938,-3.98486,1.22584
2354,1,1939,-3.98486,1.22584
2355,1,1940,-3.98486,1.22584
2356,1,1941,-3.98486,1.22584
2357,1,1942,-3.98486,1.22584
2358,1,1943,-3.98486,1.22584
2359,1,1944,-3.98486,1.22584
2360,1,1945,-3.98486,1.22584
2361,1,1946,-3.98486,1.22584
2362,1,1947,-3.98486,1.22584
2363,1,1948,-3.98486,1.22584
2364,1,1949,-3.98486,1.22584
2365,1,1950,-3.98486,1.22584
2366,1,1951,-3.98486,1.22584
2367,1,1952,-3.98486,1.22584
2368,1,1953,-3.98485,1.22583
2369,1,1954,-3.98485,1.22583
2370,1,1955,-3.98486,1.22584
2371,1,1956,-3.98486,1.22584
2372,1,1957,-3.98486,1.22584
2373,1,1958,-3.98486,1.22584
2374,1,1959,-3.98486,1.22584
2375,1,1960,-3.98486,1.22584
2376,1,1961,-3.98486,1.22584
2377,1,1962,-3.98486,1.22584
2378,1,1963,-3.98486,1.22584
2379,1,1964,-3.98486,1.22584
2380,1,1965,-3.98486,1.22584
2381,1,1966,-3.98486,1.22584
2382,1,1967,-3.98486,1.22584
2383,1,1968,-3.98486,1.22584
2384,1,1969,-3.98486,1.22584
2385,1,1970,-3.98486,1.22584
2386,1,1971,-3.98486,1.22584
2387,1,1972,-3.98486,1.22584
2388,1,1973,-3.98486,1.22584
2389,1,1974,-3.98486,1.22584
2390,1,1975,-3.98486,1.22584
2391,1,1976,-3.98486,1.22584
2392,1,1977,-3.98486,1.22584
2393,1,1978,-3.98486,1.22584
2394,1,1979,-3.98486,1.22584
2395,1,1980,-3.98486,1.22584
2396,1,1981,-3.98486,1.22584
2397,1,1982,-3.98485,1.22584
2398,1,1983,-3.98485,1.22584
2399,1,1984,-3.98485,1.22584
2400,1,1985,-3.98485,1.22584
2401,1,1986,-3.98485,1.22584
2402,1,1987,-3.98485,1.22584
2403,1,1988,-3.98485,1.22584
2404,1,1989,-3.98485,1.22584
2405,1,1990,-3.98485,1.22584
2406,1,1991,-3.98485,1.22584
2407,1,1992,-3.98485,1.22584
2408,1,1993,-3.98485,1.22584
2409,1,1994,-3.98485,1.22584
2410,1,1995,-3.98485,1.22584
2411,1,1996,-3.98485,1.22584
2412,1,1997,-3.98485,1.22584
2413,1,1998,-3.98485,1.22584
2414,1,1999,-3.98485,1.22584
2415,1,2000,-3.98485,1.22584
2416,1,2001,-3.98485,1.22584
2417,1,2002,-3.98485,1.22584
2418,1,2003,-3.98485,1.22584
2419,1,2004,-3.98485,1.22584
2420,1,2005,-3.98485,1.22584
2421,1,2006,-3.98485,1.22584
2422,1,2007,-3.98485,1.22584
2423,1,2008,-3.98485,1.22584
2424,1,2009,-3.98485,1.22584
2425,1,2010,-3.98485,1.22584
2426,1,2011,-3.98485,1.22584
2427,1,2012,-3.98485,1.22585
2428,1,2013,-3.98485,1.22585
2429,1,2014,-3.98485,1.22585
2430,1,2015,-3.98485,1.22585
2431,1,2016,-3.98485,1.22585
2432,1,2017,-3.98485,1.22585
2433,1,2018,-3.98485,1.22585
2434,1,2019,-3.98485,1.22585
2435,1,2020,-3.98485,1.22585
2436,1,2021,-3.98485,1.22585
2437,1,2022,-3.98485,1.22585
2438,1,2023,-3.98485,1.22585
2439,1,2024,-3.98485,1.22585
2440,1,2025,-3.98485,1.22585
2441,1,2026,-3.98485,1.22585
2442,1,2027,-3.98485,1.22585
2443,1,2028,-3.98485,1.22585
2444,1,2029,-3.98485,1.22585
2445,1,2030,-3.98485,1.22585
2446,1,2031,-3.98485,1.22585
2447,1,2032,-3.98485,1.22585
2448,1,2033,-3.98485,1.22585
2449,1,2034,-3.98485,1.22585
2450,1,2035,-3.98485,1.22585
2451,1,2036,-3.98485,1.22585
2452,1,2037,-3.98485,1.22585
2453,1,2038,-3.98485,1.22585
2454,1,2039,-3.98486,1.22585
2455,1,2040,-3.98486,1.22585
2456,1,2041,-3.98486,1.22585
2457,1,2042,-3.98485,1.22585
2458,1,2043,-3.98485,1.22585
2459,1,2044,-3.98485,1.22585
2460,1,2045,-3.98485,1.22585
2461,1,2046,-3.98485,1.22585
2462,1,2047,-3.98485,1.22585
2463,1,2048,-3.98485,1.22585
2464,1,2049,-3.98485,1.22585
2465,1,2050,-3.98485,1.22585
2466,1,2051,-3.98485,1.22586
2467,1,2052,-3.98485,1.22586
2468,1,2053,-3.98485,1.22586
2469,1,2054,-3.98485,1.22586
2470,1,2055,-3.98485,1.22586
2471,1,2056,-3.98485,1.22586
2472,1,2057,-3.98485,1.22586
2473,1,2058,-3.98485,1.22586
2474,1,2059,-3.98485,1.22586
2475,1,2060,-3.98485,1.22586
2476,1,2061,-3.98485,1.22586
2477,1,2062,-3.98485,1.22586
2478,1,2063,-3.98485,1.22586
2479,1,2064,-3.98485,1.22586
2480,1,2065,-3.98485,1.22586
2481,1,2066,-3.98485,1.22586
2482,1,2067,-3.98485,1.22586
2483,1,2068,-3.98485,1.22586
2484,1,2069,-3.98485,1.22586
2485,1,2070,-3.98485,1.22586
2486,1,2071,-3.98485,1.22586
2487,1,2072,-3.98485,1.22586
2488,1,2073,-3.98485,1.22586
2489,1,2074,-3.98485,1.22586
2490,1,2075,-3.98485,1.22586
2491,1,2076,-3.98485,1.22586
2492,1,2077,-3.98485,1.22586
2493,1,2078,-3.98485,1.22586
2494,1,2079,-3.98485,1.22586
2495,1,2080,-3.98485,1.22586
2496,1,2081,-3.98485,1.22586
2497,1,2082,-3.98485,1.22585
2498,1,2083,-3.98485,1.22585
2499,1,2084,-3.98485,1.22585
2500,1,2085,-3.98485,1.22585
2501,1,2086,-3.98485,1.22585
2502,1,2087,-3.98485,1.22585
2503,1,2088,-3.98485,1.22585
2504,1,2089,-3.98485,1.22585
2505,1,2090,-3.98485,1.22585
2506,1,2091,-3.98485,1.22585
2507,1,2092,-3.98485,1.22585
2508,1,2093,-3.98485,1.22585
2509,1,2094,-3.98485,1.22585
2510,1,2095,-3.98485,1.22585
2511,1,2096,-3.98485,1.22585
2512,1,2097,-3.98485,1.22585
2513,1,2098,-3.98485,1.22585
2514,1,2099,-3.98485,1.22585
2515,1,2100,-3.98485,1.22585
2516,1,2101,-3.98485,1.22585
2517,1,2102,-3.98485,1.22585
2518,1,2103,-3.98485,1.22585
2519,1,2104,-3.98485,1.22585
2520,1,2105,-3.98485,1.22585
2521,1,2106,-3.98485,1.22585
2522,1,2107,-3.98485,1.22585
2523,1,2108,-3.98485,1.22585
2524,1,2109,-3.98485,1.22585
2525,1,2110,-3.98485,1.22585
2526,1,2111,-3.98485,1.22585
2527,1,2112,-3.98485,1.22585
2528,1,2113,-3.98485,1.22585
2529,1,2114,-3.98486,1.22585
2530,1,2115,-3.98486,1.22585
2531,1,2116,-3.98486,1.22585
2532,1,2117,-3.98486,1.22585
2533,1,2118,-3.98486,1.22585
2534,1,2119,-3.98486,1.22585
2535,1,2120,-3.98486,1.22585
2536,1,2121,-3.98486,1.22585
2537,1,2122,-3.98486,1.22585
2538,1,2123,-3.98486,1.22585
2539,1,2124,-3.98486,1.22585
2540,1,2125,-3.98486,1.22585
2541,1,2126,-3.98486,1.22585
2542,1,2127,-3.98486,1.22585
2543,1,2128,-3.98486,1.22585
2544,1,2129,-3.98486,1.22585
2545,1,2130,-3.98486,1.22585
2546,1,2131,-3.98486,1.22585
2547,1,2132,-3.98486,1.22585
2548,1,2133,-3.98486,1.22585
2549,1,2134,-3.98486,1.22585
2550,1,2135,-3.98486,1.22585
2551,1,2136,-3.98486,1.22585
2552,1,2137,-3.98486,1.22585
2553,1,2138,-3.98486,1.22585
2554,1,2139,-3.98486,1.22585
2555,1,2140,-3.98486,1.22585
2556,1,2141,-3.98486,1.22585
2557,1,2142,-3.98486,1.22585
2558,1,2143,-3.98486,1.22585
2559,1,2144,-3.98486,1.22585
2560,1,2145,-3.98486,1.22585
2561,1,2146,-3.98486,1.22585
2562,1,2147,-3.98486,1.22585
2563,1,2148,-3.98486,1.22585
2564,1,2149,-3.98486,1.22585
2565,1,2150,-3.98486,1.22585
2566,1,2151,-3.98486,1.22585
2567,1,2152,-3.98486,1.22585
2568,1,2153,-3.98486,1.22585
2569,1,2154,-3.98486,1.22585
2570,1,2155,-3.98486,1.22585
2571,1,2156,-3.98486,1.22585
2572,1,2157,-3.98486,1.22585
2573,1,2158,-3.98486,1.22585
2574,1,2159,-3.98486,1.22585
2575,1,2160,-3.98486,1.22585
2576,1,2161,-3.98486,1.22585
2577,1,2162,-3.98486,1.22585
2578,1,2163,-3.98486,1.22585
2579,1,2164,-3.98486,1.22585
2580,1,2165,-3.98486,1.22585
2581,1,2166,-3.98486,1.22585
2582,1,2167,-3.98486,1.22585
2583,1,2168,-3.98486,1.22585
2584,1,2169,-3.98486,1.22585
2585,1,2170,-3.98486,1.22585
2586,1,2171,-3.98486,1.22585
2587,1,2172,-3.98486,1.22585
2588,1,2173,-3.98486,1.22585
2589,1,2174,-3.98486,1.22585
2590,1,2175,-3.98486,1.22585
2591,1,2176,-3.98485,1.22585
2592,1,2177,-3.98485,1.22585
2593,1,2178,-3.98485,1.22585
2594,1,2179,-3.98485,1.22585
2595,1,2180,-3.98485,1.22585
2596,1,2181,-3.98485,1.22585
2597,1,2182,-3.98485,1.22585
2598,1,2183,-3.98485,1.22585
2599,1,2184,-3.98485,1.22585
2600,1,2185,-3.98485,1.22585
2601,1,2186,-3.98485,1.22585
2602,1,2187,-3.98485,1.22585
2603,1,2188,-3.98485,1.22585
2604,1,2189,-3.98485,1.22585
2605,1,2190,-3.98485,1.22585
2606,1,2191,-3.98485,1.22585
2607,1,2192,-3.98485,1.22585
2608,1,2193,-3.98485,1.22585
2609,1,2194,-3.98485,1.22585
2610,1,2195,-3.98485,1.22585
2611,1,2196,-3.98485,1.22585
2612,1,2197,-3.98485,1.22586
2613,1,2198,-3.98485,1.22586
2614,1,2199,-3.98485,1.22586
2615,1,2200,-3.98485,1.22586
2616,1,2201,-3.98485,1.22586
2617,1,2202,-3.98485,1.22586
2618,1,2203,-3.98485,1.22586
2619,1,2204,-3.98485,1.22586
2620,1,2205,-3.98485,1.22586
2621,1,2206,-3.98485,1.22586
2622,1,2207,-3.98486,1.22585
2623,1,2208,-3.98486,1.22585
2624,1,2209,-3.98486,1.22585
2625,1,2210,-3.98486,1.22585
2626,1,2211,-3.98486,1.22585
2627,1,2212,-3.98486,1.22585
2628,1,2213,-3.98486,1.22585
2629,1,2214,-3.98486,1.22585
2630,1,2215,-3.98486,1.22585
2631,1,2216,-3.98486,1.22585
2632,1,2217,-3.98486,1.22585
2633,1,2218,-3.98486,1.22585
2634,1,2219,-3.98486,1.22585
2635,1,2220,-3.98486,1.22585
2636,1,2221,-3.98486,1.22585
2637,1,2222,-3.98486,1.22585
2638,1,2223,-3.98486,1.22585
2639,1,2224,-3.98486,1.22585
2640,1,2225,-3.98486,1.22585
2641,1,2226,-3.98486,1.22585
2642,1,2227,-3.98486,1.22585
2643,1,2228,-3.98486,1.22585
2644,1,2229,-3.98486,1.22585
2645,1,2230,-3.98486,1.22585
2646,1,2231,-3.98486,1.22585
2647,1,2232,-3.98486,1.22585
2648,1,2233,-3.98486,1.22585
2649,1,2234,-3.98486,1.22585
2650,1,2235,-3.98486,1.22585
2651,1,2236,-3.98486,1.22585
2652,1,2237,-3.98486,1.22585
2653,1,2238,-3.98486,1.22585
2654,1,2239,-3.98486,1.22585
2655,1,2240,-3.98486,1.22585
2656,1,2241,-3.98486,1.22585
2657,1,2242,-3.98486,1.22585
2658,1,2243,-3.98486,1.22585
2659,1,2244,-3.98486,1.22585
2660,1,2245,-3.98486,1.22585
2661,1,2246,-3.98486,1.22585
2662,1,2247,-3.98486,1.22585
2663,1,2248,-3.98486,1.22585
2664,1,2249,-3.98486,1.22585
2665,1,2250,-3.98486,1.22585
2666,1,2251,-3.98486,1.22585
2667,1,2252,-3.98486,1.22585
2668,1,2253,-3.98486,1.22585
2669,1,2254,-3.98486,1.22585
2670,1,2255,-3.98486,1.22585
2671,1,2256,-3.98486,1.22585
2672,1,2257,-3.98486,1.22585
2673,1,2258,-3.98486,1.22585
2674,1,2259,-3.98486,1.22585
2675,1,2260,-3.98486,1.22585
2676,1,2261,-3.98486,1.22585
2677,1,2262,-3.98486,1.22585
2678,1,2263,-3.98486,1.22585
2679,1,2264,-3.98486,1.22585
2680,1,2265,-3.98486,1.22585
2681,1,2266,-3.98486,1.22585
2682,1,2267,-3.98486,1.22585
2683,1,2268,-3.98486,1.22585
2684,1,2269,-3.98486,1.22585
2685,1,2270,-3.98486,1.22585
2686,1,2271,-3.98486,1.22585
2687,1,2272,-3.98486,1.22585
2688,1,2273,-3.98486,1.22585
2689,1,2274,-3.98486,1.22585
2690,1,2275,-3.98486,1.22585
2691,1,2276,-3.98486,1.22585
2692,1,2277,-3.98486,1.22585
2693,1,2278,-3.98486,1.22585
2694,1,2279,-3.98486,1.22585
2695,1,2280,-3.98486,1.22585
2696,1,2281,-3.98486,1.22585
2697,1,2282,-3.98486,1.22585
2698,1,2283,-3.98486,1.22585
2699,1,2284,-3.98486,1.22585
2700,1,2285,-3.98486,1.22585
2701,1,2286,-3.98486,1.22585
2702,1,2287,-3.98486,1.22585
2703,1,2288,-3.98486,1.22585
2704,1,2289,-3.98486,1.22585
2705,1,2290,-3.98486,1.22585
2706,1,2291,-3.98486,1.22585
2707,1,2292,-3.98486,1.22585
2708,1,2293,-3.98486,1.22585
2709,1,2294,-3.98486,1.22585
2710,1,2295,-3.98486,1.22585
2711,1,2296,-3.98486,1.22585
2712,1,2297,-3.98486,1.22585
2713,1,2298,-3.98486,1.22585
2714,1,2299,-3.98486,1.22585
2715,1,2300,-3.98486,1.22585
2716,1,2301,-3.98486,1.22585
2717,1,2302,-3.98486,1.22585
2718,1,2303,-3.98486,1.22585
2719,1,2304,-3.98486,1.22585
2720,1,2305,-3.98486,1.22585
2721,1,2306,-3.98486,1.22585
2722,1,2307,-3.98486,1.22585
2723,1,2308,-3.98486,1.22585
2724,1,2309,-3.98486,1.22585
2725,1,2310,-3.98486,1.22585
2726,1,2311,-3.98486,1.22585
2727,1,2312,-3.98486,1.22584
2728,1,2313,-3.98486,1.22584
2729,1,2314,-3.98486,1.22584
2730,1,2315,-3.98486,1.22584
2731,1,2316,-3.98486,1.22584
2732,1,2317,-3.98486,1.22584
2733,1,2318,-3.98486,1.22584
2734,1,2319,-3.98486,1.22584
2735,1,2320,-3.98486,1.22584
2736,1,2321,-3.98486,1.22584
2737,1,2322,-3.98486,1.22584
2738,1,2323,-3.98486,1.22584
2739,1,2324,-3.98486,1.22584
2740,1,2325,-3.98486,1.22584
2741,1,2326,-3.98486,1.22584
2742,1,2327,-3.98486,1.22584
2743,1,2328,-3.98486,1.22584
2744,1,2329,-3.98486,1.22584
2745,1,2330,-3.98486,1.22584
2746,1,2331,-3.98486,1.22584
2747,1,2332,-3.98486,1.22584
2748,1,2333,-3.98486,1.22584
2749,1,2334,-3.98485,1.22585
2750,1,2335,-3.98485,1.22585
2751,1,2336,-3.98485,1.22585
2752,1,2337,-3.98485,1.22585
2753,1,2338,-3.98485,1.22585
2754,1,2339,-3.98485,1.22585
2755,1,2340,-3.98485,1.22585
2756,1,2341,-3.98485,1.22585
2757,1,2342,-3.98485,1.22585
2758,1,2343,-3.98485,1.22585
2759,1,2344,-3.98485,1.22585
2760,1,2345,-3.98485,1.22585
2761,1,2346,-3.98485,1.22585
2762,1,2347,-3.98485,1.22585
2763,1,2348,-3.98485,1.22585
2764,1,2349,-3.98485,1.22585
2765,1,2350,-3.98485,1.22585
2766,1,2351,-3.98485,1.22585
2767,1,2352,-3.98485,1.22585
2768,1,2353,-3.98486,1.22585
2769,1,2354,-3.98486,1.22585
2770,1,2355,-3.98486,1.22585
2771,1,2356,-3.98486,1.22585
2772,1,2357,-3.98486,1.22585
2773,1,2358,-3.98486,1.22585
2774,1,2359,-3.98486,1.22585
2775,1,2360,-3.98486,1.22585
2776,1,2361,-3.98486,1.22585
2777,1,2362,-3.98486,1.22585
2778,1,2363,-3.98486,1.22585
2779,1,2364,-3.98486,1.22585
2780,1,2365,-3.98486,1.22585
2781,1,2366,-3.98486,1.22585
2782,1,2367,-3.98486,1.22585
2783,1,2368,-3.98486,1.22585
2784,1,2369,-3.98486,1.22585
2785,1,2370,-3.98486,1.22585
2786,1,2371,-3.98486,1.22585
2787,1,2372,-3.98486,1.22585
2788,1,2373,-3.98486,1.22585
2789,1,2374,-3.98486,1.22585
2790,1,2375,-3.98486,1.22585
2791,1,2376,-3.98486,1.22585
2792,1,2377,-3.98486,1.22585
2793,1,2378,-3.98486,1.22585
2794,1,2379,-3.98486,1.22585
2795,1,2380,-3.98486,1.22585
2796,1,2381,-3.98486,1.22585
2797,1,2382,-3.98486,1.22585
2798,1,2383,-3.98486,1.22585
2799,1,2384,-3.98486,1.22585
2800,1,2385,-3.98486,1.22585
2801,1,2386,-3.98486,1.22585
2802,1,2387,-3.98486,1.22585
2803,1,2388,-3.98486,1.22585
2804,1,2389,-3.98486,1.22585
2805,1,2390,-3.98486,1.22585
2806,1,2391,-3.98486,1.22585
2807,1,2392,-3.98486,1.22585
2808,1,2393,-3.98486,1.22585
2809,1,2394,-3.98486,1.22585
2810,1,2395,-3.98486,1.22585
2811,1,2396,-3.98486,1.22585
2812,1,2397,-3.98486,1.22585
2813,1,2398,-3.98486,1.22585
2814,1,2399,-3.98486,1.22585
2815,1,2400,-3.98486,1.22585
2816,1,2401,-3.98486,1.22585
2817,1,2402,-3.98486,1.22585
2818,1,2403,-3.98486,1.22585
2819,1,2404,-3.98486,1.22585
2820,1,2405,-3.98486,1.22585
2821,1,2406,-3.98486,1.22585
2822,1,2407,-3.98486,1.22585
2823,1,2408,-3.98486,1.22585
2824,1,2409,-3.98486,1.22585
2825,1,2410,-3.98486,1.22585
2826,1,2411,-3.98486,1.22585
2827,1,2412,-3.98486,1.22585
2828,1,2413,-3.98486,1.22585
2829,1,2414,-3.98486,1.22584
2830,1,2415,-3.98486,1.22584
2831,1,2416,-3.98486,1.22584
2832,1,2417,-3.98486,1.22584
2833,1,2418,-3.98486,1.22584
2834,1,2419,-3.98486,1.22584
2835,1,2420,-3.98486,1.22584
2836,1,2421,-3.98486,1.22584
2837,1,2422,-3.98486,1.22584
2838,1,2423,-3.98486,1.22584
2839,1,2424,-3.98486,1.22584
2840,1,2425,-3.98486,1.22584
2841,1,2426,-3.98486,1.22584
2842,1,2427,-3.98486,1.22584
2843,1,2428,-3.98486,1.22584
2844,1,2429,-3.98486,1.22584
2845,1,2430,-3.98486,1.22584
2846,1,2431,-3.98486,1.22584
2847,1,2432,-3.98486,1.22584
2848,1,2433,-3.98486,1.22584
2849,1,2434,-3.98486,1.22584
2850,1,2435,-3.98486,1.22584
2851,1,2436,-3.98486,1.22584
2852,1,2437,-3.98486,1.22584
2853,1,2438,-3.98486,1.22584
2854,1,2439,-3.98486,1.22584
2855,1,2440,-3.98486,1.22584
2856,1,2441,-3.98486,1.22584
2857,1,2442,-3.98486,1.22584
2858,1,2443,-3.98485,1.22585
2859,1,2444,-3.98485,1.22585
2860,1,2445,-3.98485,1.22585
2861,1,2446,-3.98485,1.22585
2862,1,2447,-3.98485,1.22585
2863,1,2448,-3.98485,1.22585
2864,1,2449,-3.98485,1.22585
2865,1,2450,-3.98485,1.22585
2866,1,2451,-3.98485,1.22585
2867,1,2452,-3.98485,1.22585
2868,1,2453,-3.98485,1.22585
2869,1,2454,-3.98485,1.22585
2870,1,2455,-3.98485,1.22585
2871,1,2456,-3.98485,1.22585
2872,1,2457,-3.98485,1.22585
2873,1,2458,-3.98485,1.22585
2874,1,2459,-3.98485,1.22585
2875,1,2460,-3.98485,1.22585
2876,1,2461,-3.98485,1.22585
2877,1,2462,-3.98485,1.22585
2878,1,2463,-3.98485,1.22585
2879,1,2464,-3.98485,1.22585
2880,1,2465,-3.98485,1.22585
2881,1,2466,-3.98485,1.22585
2882,1,2467,-3.98485,1.22585
2883,1,2468,-3.98485,1.22585
2884,1,2469,-3.98485,1.22585
2885,1,2470,-3.98485,1.22585
2886,1,2471,-3.98485,1.22585
2887,1,2472,-3.98485,1.22585
2888,1,2473,-3.98485,1.22585
2889,1,2474,-3.98485,1.22585
2890,1,2475,-3.98485,1.22585
2891,1,2476,-3.98485,1.22585
2892,1,2477,-3.98485,1.22585
2893,1,2478,-3.98485,1.22585
2894,1,2479,-3.98485,1.22585
2895,1,2480,-3.98485,1.22585
2896,1,2481,-3.98485,1.22585
2897,1,2482,-3.98485,1.22585
2898,1,2483,-3.98485,1.22585
2899,1,2484,-3.98485,1.22585
2900,1,2485,-3.98485,1.22585
2901,1,2486,-3.98485,1.22585
2902,1,2487,-3.98485,1.22585
2903,1,2488,-3.98485,1.22585
2904,1,2489,-3.98485,1.22585
2905,1,2490,-3.98485,1.22585
2906,1,2491,-3.98485,1.22585
2907,1,2492,-3.98485,1.22584
2908,1,2493,-3.98485,1.22584
2909,1,2494,-3.98485,1.22584
2910,1,2495,-3.98485,1.22584
2911,1,2496,-3.98485,1.22584
2912,1,2497,-3.98485,1.22584
2913,1,2498,-3.98485,1.22584
2914,1,2499,-3.98485,1.22584
2915,1,2500,-3.98485,1.22584
2916,1,2501,-3.98485,1.22584
2917,1,2502,-3.98485,1.22584
2918,1,2503,-3.98485,1.22584
2919,1,2504,-3.98485,1.22584
2920,1,2505,-3.98485,1.22584
2921,1,2506,-3.98485,1.22584
2922,1,2507,-3.98485,1.22584
2923,1,2508,-3.98485,1.22584
2924,1,2509,-3.98485,1.22584
2925,1,2510,-3.98485,1.22584
2926,1,2511,-3.98485,1.22584
2927,1,2512,-3.98485,1.22584
2928,1,2513,-3.98485,1.22584
2929,1,2514,-3.98485,1.22584
2930,1,2515,-3.98485,1.22584
2931,1,2516,-3.98485,1.22584
2932,1,2517,-3.98485,1.22584
2933,1,2518,-3.98485,1.22584
2934,1,2519,-3.98485,1.22584
2935,1,2520,-3.98485,1.22584
2936,1,2521,-3.98485,1.22584
2937,1,2522,-3.98485,1.22584
2938,1,2523,-3.98485,1.22584
2939,1,2524,-3.98485,1.22584
2940,1,2525,-3.98485,1.22584
2941,1,2526,-3.98485,1.22584
2942,1,2527,-3.98485,1.22584
2943,1,2528,-3.98485,1.22584
2944,1,2529,-3.98485,1.22584
2945,1,2530,-3.98485,1.22584
2946,1,2531,-3.98485,1.22584
2947,1,2532,-3.98485,1.22584
2948,1,2533,-3.98485,1.22584
2949,1,2534,-3.98485,1.22584
2950,1,2535,-3.98485,1.22584
2951,1,2536,-3.98485,1.22584
2952,1,2537,-3.98485,1.22584
2953,1,2538,-3.98485,1.22584
2954,1,2539,-3.98485,1.22584
2955,1,2540,-3.98485,1.22584
2956,1,2541,-3.98485,1.22584
2957,1,2542,-3.98485,1.22584
2958,1,2543,-3.98485,1.22584
2959,1,2544,-3.98485,1.22584
2960,1,2545,-3.98485,1.22584
2961,1,2546,-3.98485,1.22584
2962,1,2547,-3.98485,1.22584
2963,1,2548,-3.98485,1.22584
2964,1,2549,-3.98485,1.22584
2965,1,2550,-3.98485,1.22584
2966,1,2551,-3.98485,1.22584
2967,1,2552,-3.98485,1.22584
2968,1,2553,-3.98485,1.22584
2969,1,2554,-3.98485,1.22584
2970,1,2555,-3.98485,1.22585
2971,1,2556,-3.98485,1.22585
2972,1,2557,-3.98485,1.22585
2973,1,2558,-3.98485,1.22585
2974,1,2559,-3.98485,1.22585
2975,1,2560,-3.98485,1.22585
2976,1,2561,-3.98485,1.22585
2977,1,2562,-3.98485,1.22585
2978,1,2563,-3.98485,1.22585
2979,1,2564,-3.98485,1.22585
2980,1,2565,-3.98485,1.22585
2981,1,2566,-3.98485,1.22585
2982,1,2567,-3.98485,1.22585
2983,1,2568,-3.98485,1.22585
2984,1,2569,-3.98485,1.22585
2985,1,2570,-3.98485,1.22585
2986,1,2571,-3.98485,1.22585
2987,1,2572,-3.98485,1.22585
2988,1,2573,-3.98485,1.22585
2989,1,2574,-3.98485,1.22585
2990,1,2575,-3.98485,1.22585
2991,1,2576,-3.98485,1.22585
2992,1,2577,-3.98485,1.22585
2993,1,2578,-3.98485,1.22585
2994,1,2579,-3.98485,1.22585
2995,1,2580,-3.98485,1.22585
2996,1,2581,-3.98485,1.22585
2997,1,2582,-3.98485,1.22585
2998,1,2583,-3.98485,1.22585
2999,1,2584,-3.98485,1.22585
3000,1,2585,-3.98485,1.22585
3001,1,2586,-3.98485,1.22585
3002,1,2587,-3.98485,1.22584
3003,1,2588,-3.98485,1.22584
3004,1,2589,-3.98485,1.22584
3005,1,2590,-3.98485,1.22584
3006,1,2591,-3.98485,1.22584
3007,1,2592,-3.98485,1.22584
3008,1,2593,-3.98485,1.22584
3009,1,2594,-3.98485,1.22584
3010,1,2595,-3.98485,1.22584
3011,1,2596,-3.98485,1.22584
3012,1,2597,-3.98485,1.22584
3013,1,2598,-3.98485,1.22584
3014,1,2599,-3.98485,1.22584
3015,1,2600,-3.98485,1.22584
3016,1,2601,-3.98485,1.22584
3017,1,2602,-3.98485,1.22584
3018,1,2603,-3.98485,1.22584
3019,1,2604,-3.98485,1.22584
3020,1,2605,-3.98485,1.22584
3021,1,2606,-3.98485,1.22584
3022,1,2607,-3.98485,1.22584
3023,1,2608,-3.98485,1.22584
3024,1,2609,-3.98485,1.22584
3025,1,2610,-3.98485,1.22584
3026,1,2611,-3.98485,1.22584
3027,1,2612,-3.98485,1.22584
3028,1,2613,-3.98485,1.22584
3029,1,2614,-3.98485,1.22584
3030,1,2615,-3.98485,1.22584
3031,1,2616,-3.98485,1.22584
3032,1,2617,-3.98485,1.22584
3033,1,2618,-3.98485,1.22584
3034,1,2619,-3.98485,1.22584
3035,1,2620,-3.98485,1.22584
3036,1,2621,-3.98485,1.22584
3037,1,2622,-3.98485,1.22584
3038,1,2623,-3.98485,1.22584
3039,1,2624,-3.98485,1.22584
3040,1,2625,-3.98485,1.22584
3041,1,2626,-3.98485,1.22584
3042,1,2627,-3.98485,1.22584
3043,1,2628,-3.98485,1.22584
3044,1,2629,-3.98485,1.22584
3045,1,2630,-3.98485,1.22584
3046,1,2631,-3.98485,1.22584
3047,1,2632,-3.98485,1.22584
3048,1,2633,-3.98485,1.22584
3049,1,2634,-3.98485,1.22584
3050,1,2635,-3.98485,1.22584
3051,1,2636,-3.98485,1.22584
3052,1,2637,-3.98485,1.22584
3053,1,2638,-3.98485,1.22584
3054,1,2639,-3.98485,1.22584
3055,1,2640,-3.98485,1.22584
3056,1,2641,-3.98485,1.22584
3057,1,2642,-3.98485,1.22584
3058,1,2643,-3.98485,1.22584
3059,1,2644,-3.98485,1.22584
3060,1,2645,-3.98485,1.22584
3061,1,2646,-3.98485,1.22584
3062,1,2647,-3.98485,1.22584
3063,1,2648,-3.98485,1.22584
3064,1,2649,-3.98485,1.22584
3065,1,2650,-3.98485,1.22584
3066,1,2651,-3.98485,1.22584
3067,1,2652,-3.98485,1.22584
3068,1,2653,-3.98485,1.22584
3069,1,2654,-3.98485,1.22584
3070,1,2655,-3.98485,1.22584
3071,1,2656,-3.98485,1.22584
3072,1,2657,-3.98485,1.22584
3073,1,2658,-3.98485,1.22584
3074,1,2659,-3.98485,1.22584
3075,1,2660,-3.98485,1.22584
3076,1,2661,-3.98485,1.22584
3077,1,2662,-3.98485,1.22584
3078,1,2663,-3.98485,1.22584
3079,1,2664,-3.98485,1.22584
3080,1,2665,-3.98485,1.22584
3081,1,2666,-3.98485,1.22584
3082,1,2667,-3.98485,1.22584
3083,1,2668,-3.98485,1.22584
3084,1,2669,-3.98485,1.22584
3085,1,2670,-3.98485,1.22584
3086,1,2671,-3.98485,1.22584
3087,1,2672,-3.98486,1.22584
3088,1,2673,-3.98486,1.22584
3089,1,2674,-3.98486,1.22584
3090,1,2675,-3.98486,1.22584
3091,1,2676,-3.98486,1.22584
3092,1,2677,-3.98486,1.22584
3093,1,2678,-3.98486,1.22584
3094,1,2679,-3.98486,1.22584
3095,1,2680,-3.98486,1.22583
3096,1,2681,-3.98486,1.22583
3097,1,2682,-3.98486,1.22583
3098,1,2683,-3.98486,1.22583
3099,1,2684,-3.98486,1.22583
3100,1,2685,-3.98486,1.22583
3101,1,2686,-3.98486,1.22583
3102,1,2687,-3.98486,1.22583
3103,1,2688,-3.98486,1.22583
3104,1,2689,-3.98486,1.22583
3105,1,2690,-3.98486,1.22583
3106,1,2691,-3.98486,1.22583
3107,1,2692,-3.98486,1.22583
3108,1,2693,-3.98486,1.22583
3109,1,2694,-3.98486,1.22583
3110,1,2695,-3.98486,1.22583
3111,1,2696,-3.98486,1.22583
3112,1,2697,-3.98486,1.22583
3113,1,2698,-3.98486,1.22583
3114,1,2699,-3.98486,1.22583
3115,1,2700,-3.98486,1.22583
3116,1,2701,-3.98486,1.22583
3117,1,2702,-3.98486,1.22583
3118,1,2703,-3.98486,1.22583
3119,1,2704,-3.98486,1.22583
3120,1,2705,-3.98486,1.22583
3121,1,2706,-3.98486,1.22583
3122,1,2707,-3.98486,1.22583
3123,1,2708,-3.98486,1.22583
3124,1,2709,-3.98486,1.22583
3125,1,2710,-3.98486,1.22583
3126,1,2711,-3.98486,1.22584
3127,1,2712,-3.98486,1.22584
3128,1,2713,-3.98486,1.22584
3129,1,2714,-3.98486,1.22584
3130,1,2715,-3.98486,1.22584
3131,1,2716,-3.98486,1.22584
3132,1,2717,-3.98486,1.22584
3133,1,2718,-3.98486,1.22584
3134,1,2719,-3.98486,1.22584
3135,1,2720,-3.98486,1.22584
3136,1,2721,-3.98486,1.22584
3137,1,2722,-3.98486,1.22584
3138,1,2723,-3.98486,1.22584
3139,1,2724,-3.98486,1.22584
3140,1,2725,-3.98486,1.22584
3141,1,2726,-3.98487,1.22583
3142,1,2727,-3.98487,1.22583
3143,1,2728,-3.98487,1.22583
3144,1,2729,-3.98487,1.22583
3145,1,2730,-3.98487,1.22583
3146,1,2731,-3.98487,1.22583
3147,1,2732,-3.98487,1.22583
3148,1,2733,-3.98487,1.22583
3149,1,2734,-3.98487,1.22583
3150,1,2735,-3.98487,1.22583
3151,1,2736,-3.98487,1.22583
3152,1,2737,-3.98487,1.22583
3153,1,2738,-3.98487,1.22583
3154,1,2739,-3.98487,1.22583
3155,1,2740,-3.98487,1.22583
3156,1,2741,-3.98487,1.22583
3157,1,2742,-3.98487,1.22583
3158,1,2743,-3.98487,1.22583
3159,1,2744,-3.98487,1.22583
3160,1,2745,-3.98487,1.22583
3161,1,2746,-3.98487,1.22583
3162,1,2747,-3.98487,1.22583
3163,1,2748,-3.98487,1.22583
3164,1,2749,-3.98487,1.22583
3165,1,2750,-3.98487,1.22583
3166,1,2751,-3.98487,1.22583
3167,1,2752,-3.98487,1.22583
3168,1,2753,-3.98487,1.22583
3169,1,2754,-3.98487,1.22583
3170,1,2755,-3.98487,1.22583
3171,1,2756,-3.98487,1.22583
3172,1,2757,-3.98487,1.22583
3173,1,2758,-3.98487,1.22583
3174,1,2759,-3.98487,1.22583
3175,1,2760,-3.98487,1.22583
3176,1,2761,-3.98487,1.22583
3177,1,2762,-3.98487,1.22583
3178,1,2763,-3.98487,1.22583
3179,1,2764,-3.98487,1.22583
3180,1,2765,-3.98487,1.22583
3181,1,2766,-3.98487,1.22583
3182,1,2767,-3.98487,1.22583
3183,1,2768,-3.98487,1.22583
3184,1,2769,-3.98487,1.22583
3185,1,2770,-3.98487,1.22583
3186,1,2771,-3.98487,1.22583
3187,1,2772,-3.98487,1.22583
3188,1,2773,-3.98487,1.22583
3189,1,2774,-3.98487,1.22583
3190,1,2775,-3.98487,1.22583
3191,1,2776,-3.98488,1.22582
3192,1,2777,-3.98488,1.22582
3193,1,2778,-3.98488,1.22582
3194,1,2779,-3.98488,1.22582
3195,1,2780,-3.98487,1.22582
3196,1,2781,-3.98487,1.22582
3197,1,2782,-3.98487,1.22582
3198,1,2783,-3.98487,1.22582
3199,1,2784,-3.98487,1.22582
3200,1,2785,-3.98487,1.22582
3201,1,2786,-3.98487,1.22582
3202,1,2787,-3.98487,1.22582
3203,1,2788,-3.98487,1.22582
3204,1,2789,-3.98487,1.22582
3205,1,2790,-3.98487,1.22582
3206,1,2791,-3.98487,1.22582
3207,1,2792,-3.98487,1.22582
3208,1,2793,-3.98487,1.22582
3209,1,2794,-3.98487,1.22582
3210,1,2795,-3.98487,1.22582
3211,1,2796,-3.98487,1.22582
3212,1,2797,-3.98487,1.22582
3213,1,2798,-3.98488,1.22583
3214,1,2799,-3.98488,1.22583
3215,1,2800,-3.98488,1.22583
3216,1,2801,-3.98488,1.22583
3217,1,2802,-3.98488,1.22583
3218,1,2803,-3.98488,1.22583
3219,1,2804,-3.98488,1.22583
3220,1,2805,-3.98488,1.22583
3221,1,2806,-3.98488,1.22583
3222,1,2807,-3.98488,1.22583
3223,1,2808,-3.98488,1.22583
3224,1,2809,-3.98488,1.22583
3225,1,2810,-3.98488,1.22583
3226,1,2811,-3.98488,1.22583
3227,1,2812,-3.98488,1.22583
3228,1,2813,-3.98488,1.22583
3229,1,2814,-3.98488,1.22583
3230,1,2815,-3.98488,1.22583
3231,1,2816,-3.98488,1.22583
3232,1,2817,-3.98488,1.22583
3233,1,2818,-3.98489,1.22583
3234,1,2819,-3.98489,1.22583
3235,1,2820,-3.98489,1.22583
3236,1,2821,-3.98488,1.22583
3237,1,2822,-3.98488,1.22583
3238,1,2823,-3.98488,1.22583
3239,1,2824,-3.98488,1.22583
3240,1,2825,-3.98488,1.22583
3241,1,2826,-3.98488,1.22583
3242,1,2827,-3.98488,1.22583
3243,1,2828,-3.98488,1.22583
3244,1,2829,-3.98488,1.22583
3245,1,2830,-3.98488,1.22583
3246,1,2831,-3.98488,1.22583
3247,1,2832,-3.98488,1.22583
3248,1,2833,-3.98488,1.22583
3249,1,2834,-3.98488,1.22583
3250,1,2835,-3.98488,1.22583
3251,1,2836,-3.98488,1.22583
3252,1,2837,-3.98488,1.22583
3253,1,2838,-3.98488,1.22583
3254,1,2839,-3.98488,1.22583
3255,1,2840,-3.98488,1.22583
3256,1,2841,-3.98488,1.22583
3257,1,2842,-3.98488,1.22583
3258,1,2843,-3.98488,1.22583
3259,1,2844,-3.98488,1.22583
3260,1,2845,-3.98488,1.22583
3261,1,2846,-3.98488,1.22583
3262,1,2847,-3.98488,1.22583
3263,1,2848,-3.98488,1.22583
3264,1,2849,-3.98488,1.22583
3265,1,2850,-3.98488,1.22583
3266,1,2851,-3.98488,1.22583
3267,1,2852,-3.98488,1.22583
3268,1,2853,-3.98488,1.22583
3269,1,2854,-3.98488,1.22583
3270,1,2855,-3.98488,1.22583
3271,1,2856,-3.98488,1.22583
3272,1,2857,-3.98488,1.22583
3273,1,2858,-3.98488,1.22583
3274,1,2859,-3.98488,1.22583
3275,1,2860,-3.98488,1.22583
3276,1,2861,-3.98488,1.22583
3277,1,2862,-3.98488,1.22583
3278,1,2863,-3.98488,1.22583
3279,1,2864,-3.98488,1.22583
3280,1,2865,-3.98488,1.22583
3281,1,2866,-3.98488,1.22583
3282,1,2867,-3.98488,1.22583
3283,1,2868,-3.98488,1.22583
3284,1,2869,-3.98488,1.22583
3285,1,2870,-3.98488,1.22583
3286,1,2871,-3.98488,1.22583
3287,1,2872,-3.98488,1.22583
3288,1,2873,-3.98488,1.22583
3289,1,2874,-3.98488,1.22583
3290,1,2875,-3.98488,1.22583
3291,1,2876,-3.98488,1.22583
3292,1,2877,-3.98488,1.22583
3293,1,2878,-3.98488,1.22583
3294,1,2879,-3.98488,1.22583
3295,1,2880,-3.98488,1.22583
3296,1,2881,-3.98488,1.22583
3297,1,2882,-3.98488,1.22583
3298,1,2883,-3.98488,1.22583
3299,1,2884,-3.98488,1.22583
3300,1,2885,-3.98488,1.22583
3301,1,2886,-3.98488,1.22583
3302,1,2887,-3.98488,1.22583
3303,1,2888,-3.98488,1.22583
3304,1,2889,-3.98488,1.22583
3305,1,2890,-3.98488,1.22583
3306,1,2891,-3.98488,1.22583
3307,1,2892,-3.98488,1.22583
3308,1,2893,-3.98488,1.22583
3309,1,2894,-3.98488,1.22583
3310,1,2895,-3.98488,1.22583
3311,1,2896,-3.98488,1.22583
3312,1,2897,-3.98488,1.22583
3313,1,2898,-3.98488,1.22583
3314,1,2899,-3.98488,1.22583
3315,1,2900,-3.98488,1.22583
3316,1,2901,-3.98488,1.22583
3317,1,2902,-3.98488,1.22583
3318,1,2903,-3.98488,1.22583
3319,1,2904,-3.98488,1.22583
3320,1,2905,-3.98488,1.22583
3321,1,2906,-3.98488,1.22583
3322,1,2907,-3.98488,1.22583
3323,1,2908,-3.98488,1.22583
3324,1,2909,-3.98488,1.22583
3325,1,2910,-3.98488,1.22583
3326,1,2911,-3.98488,1.22583
3327,1,2912,-3.98488,1.22583
3328,1,2913,-3.98488,1.22583
3329,1,2914,-3.98488,1.22583
3330,1,2915,-3.98488,1.22583
3331,1,2916,-3.98488,1.22583
3332,1,2917,-3.98488,1.22583
3333,1,2918,-3.98488,1.22583
3334,1,2919,-3.98488,1.22583
3335,1,2920,-3.98488,1.22583
3336,1,2921,-3.98488,1.22583
3337,1,2922,-3.98488,1.22583
3338,1,2923,-3.98487,1.22583
3339,1,2924,-3.98487,1.22583
3340,1,2925,-3.98487,1.22583
3341,1,2926,-3.98487,1.22583
3342,1,2927,-3.98487,1.22583
3343,1,2928,-3.98487,1.22583
3344,1,2929,-3.98487,1.22583
3345,1,2930,-3.98487,1.22583
3346,1,2931,-3.98487,1.22583
3347,1,2932,-3.98487,1.22583
3348,1,2933,-3.98487,1.22583
3349,1,2934,-3.98487,1.22583
3350,1,2935,-3.98487,1.22583
3351,1,2936,-3.98487,1.22583
3352,1,2937,-3.98487,1.22583
3353,1,2938,-3.98487,1.22583
3354,1,2939,-3.98487,1.22583
3355,1,2940,-3.98487,1.22583
3356,1,2941,-3.98487,1.22583
3357,1,2942,-3.98487,1.22583
3358,1,2943,-3.98487,1.22583
3359,1,2944,-3.98487,1.22583
3360,1,2945,-3.98487,1.22583
3361,1,2946,-3.98487,1.22584
3362,1,2947,-3.98487,1.22584
3363,1,2948,-3.98487,1.22584
3364,1,2949,-3.98487,1.22584
3365,1,2950,-3.98487,1.22584
3366,1,2951,-3.98487,1.22584
3367,1,2952,-3.98487,1.22584
3368,1,2953,-3.98487,1.22584
3369,1,2954,-3.98487,1.22584
3370,1,2955,-3.98487,1.22584
3371,1,2956,-3.98487,1.22584
3372,1,2957,-3.98487,1.22584
3373,1,2958,-3.98487,1.22584
3374,1,2959,-3.98487,1.22584
3375,1,2960,-3.98487,1.22584
3376,1,2961,-3.98487,1.22584
3377,1,2962,-3.98487,1.22584
3378,1,2963,-3.98487,1.22584
3379,1,2964,-3.98487,1.22584
3380,1,2965,-3.98487,1.22584
3381,1,2966,-3.98487,1.22584
3382,1,2967,-3.98487,1.22584
3383,1,2968,-3.98487,1.22584
3384,1,2969,-3.98487,1.22584
3385,1,2970,-3.98487,1.22584
3386,1,2971,-3.98487,1.22583
3387,1,2972,-3.98487,1.22583
3388,1,2973,-3.98487,1.22583
3389,1,2974,-3.98487,1.22583
3390,1,2975,-3.98487,1.22583
3391,1,2976,-3.98487,1.22583
3392,1,2977,-3.98487,1.22583
3393,1,2978,-3.98487,1.22583
3394,1,2979,-3.98487,1.22583
3395,1,2980,-3.98487,1.22583
3396,1,2981,-3.98487,1.22583
3397,1,2982,-3.98487,1.22583
3398,1,2983,-3.98487,1.22583
3399,1,2984,-3.98487,1.22583
3400,1,2985,-3.98487,1.22583
3401,1,2986,-3.98487,1.22583
3402,1,2987,-3.98487,1.22583
3403,1,2988,-3.98487,1.22583
3404,1,2989,-3.98487,1.22583
3405,1,2990,-3.98487,1.22583
3406,1,2991,-3.98487,1.22583
3407,1,2992,-3.98487,1.22583
3408,1,2993,-3.98487,1.22583
3409,1,2994,-3.98487,1.22583
3410,1,2995,-3.98487,1.22583
3411,1,2996,-3.98487,1.22583
3412,1,2997,-3.98487,1.22583
3413,1,2998,-3.98487,1.22583
3414,1,2999,-3.98487,1.22583
3415,1,3000,-3.98487,1.22583
3416,1,3001,-3.98487,1.22583
3417,1,3002,-3.98487,1.22583
3418,1,3003,-3.98487,1.22583
3419,1,3004,-3.98487,1.22583
3420,1,3005,-3.98487,1.22583
3421,1,3006,-3.98487,1.22583
3422,1,3007,-3.98487,1.22583
3423,1,3008,-3.98487,1.22583
3424,1,3009,-3.98487,1.22583
3425,1,3010,-3.98487,1.22583
3426,1,3011,-3.98487,1.22583
3427,1,3012,-3.98487,1.22583
3428,1,3013,-3.98487,1.22583
3429,1,3014,-3.98487,1.22583
3430,1,3015,-3.98487,1.22583
3431,1,3016,-3.98487,1.22583
3432,1,3017,-3.98487,1.22583
3433,1,3018,-3.98487,1.22583
3434,1,3019,-3.98487,1.22583
3435,1,3020,-3.98487,1.22583
3436,1,3021,-3.98487,1.22583
3437,1,3022,-3.98487,1.22583
3438,1,3023,-3.98487,1.22583
3439,1,3024,-3.98487,1.22583
3440,1,3025,-3.98487,1.22583
3441,1,3026,-3.98487,1.22583
3442,1,3027,-3.98487,1.22583
3443,1,3028,-3.98487,1.22583
3444,1,3029,-3.98488,1.22583
3445,1,3030,-3.98488,1.22583
3446,1,3031,-3.98488,1.22583
3447,1,3032,-3.98488,1.22583
3448,1,3033,-3.98488,1.22583
3449,1,3034,-3.98488,1.22583
3450,1,3035,-3.98488,1.22583
3451,1,3036,-3.98488,1.22583
3452,1,3037,-3.98488,1.22583
3453,1,3038,-3.98488,1.22583
3454,1,3039,-3.98488,1.22583
3455,1,3040,-3.98488,1.22583
3456,1,3041,-3.98488,1.22583
3457,1,3042,-3.98488,1.22583
3458,1,3043,-3.98488,1.22583
3459,1,3044,-3.98488,1.22583
3460,1,3045,-3.98488,1.22583
3461,1,3046,-3.98488,1.22583
3462,1,3047,-3.98488,1.22583
3463,1,3048,-3.98488,1.22583
3464,1,3049,-3.98488,1.22583
3465,1,3050,-3.98488,1.22583
3466,1,3051,-3.98488,1.22583
3467,1,3052,-3.98488,1.22583
3468,1,3053,-3.98488,1.22583
3469,1,3054,-3.98488,1.22583
3470,1,3055,-3.98488,1.22583
3471,1,3056,-3.98488,1.22583
3472,1,3057,-3.98488,1.22583
3473,1,3058,-3.98488,1.22583
3474,1,3059,-3.98488,1.22583
3475,1,3060,-3.98488,1.22583
3476,1,3061,-3.98488,1.22583
3477,1,3062,-3.98488,1.22583
3478,1,3063,-3.98488,1.22583
3479,1,3064,-3.98488,1.22583
3480,1,3065,-3.98487,1.22583
3481,1,3066,-3.98487,1.22583
3482,1,3067,-3.98487,1.22583
3483,1,3068,-3.98487,1.22583
3484,1,3069,-3.98487,1.22583
3485,1,3070,-3.98487,1.22583
3486,1,3071,-3.98487,1.22583
3487,1,3072,-3.98487,1.22583
3488,1,3073,-3.98487,1.22583
3489,1,3074,-3.98487,1.22583
3490,1,3075,-3.98487,1.22583
3491,1,3076,-3.98487,1.22583
3492,1,3077,-3.98487,1.22583
3493,1,3078,-3.98487,1.22583
3494,1,3079,-3.98487,1.22583
3495,1,3080,-3.98487,1.22583
3496,1,3081,-3.98487,1.22583
3497,1,3082,-3.98487,1.22583
3498,1,3083,-3.98487,1.22583
3499,1,3084,-3.98487,1.22583
3500,1,3085,-3.98487,1.22583
3501,1,3086,-3.98487,1.22583
3502,1,3087,-3.98487,1.22583
3503,1,3088,-3.98487,1.22583
3504,1,3089,-3.98487,1.22583
3505,1,3090,-3.98487,1.22583
3506,1,3091,-3.98487,1.22583
3507,1,3092,-3.98487,1.22583
3508,1,3093,-3.98487,1.22583
3509,1,3094,-3.98487,1.22583
3510,1,3095,-3.98487,1.22583
3511,1,3096,-3.98487,1.22583
3512,1,3097,-3.98487,1.22583
3513,1,3098,-3.98487,1.22583
3514,1,3099,-3.98487,1.22583
3515,1,3100,-3.98487,1.22583
3516,1,3101,-3.98487,1.22583
3517,1,3102,-3.98487,1.22583
3518,1,3103,-3.98487,1.22583
3519,1,3104,-3.98487,1.22583
3520,1,3105,-3.98487,1.22583
3521,1,3106,-3.98487,1.22583
3522,1,3107,-3.98487,1.22583
3523,1,3108,-3.98487,1.22583
3524,1,3109,-3.98487,1.22583
3525,1,3110,-3.98487,1.22583
3526,1,3111,-3.98487,1.22583
3527,1,3112,-3.98487,1.22583
3528,1,3113,-3.98487,1.22583
3529,1,3114,-3.98487,1.22583
3530,1,3115,-3.98487,1.22583
3531,1,3116,-3.98487,1.22583
3532,1,3117,-3.98488,1.22583
3533,1,3118,-3.98488,1.22583
3534,1,3119,-3.98488,1.22583
3535,1,3120,-3.98488,1.22583
3536,1,3121,-3.98488,1.22583
3537,1,3122,-3.98488,1.22583
3538,1,3123,-3.98488,1.22583
3539,1,3124,-3.98488,1.22583
3540,1,3125,-3.98488,1.22583
3541,1,3126,-3.98488,1.22583
3542,1,3127,-3.98488,1.22583
3543,1,3128,-3.98488,1.22583
3544,1,3129,-3.98488,1.22583
3545,1,3130,-3.98488,1.22583
3546,1,3131,-3.98488,1.22583
3547,1,3132,-3.98488,1.22583
3548,1,3133,-3.98488,1.22583
3549,1,3134,-3.98488,1.22583
3550,1,3135,-3.98488,1.22583
3551,1,3136,-3.98488,1.22583
3552,1,3137,-3.98488,1.22583
3553,1,3138,-3.98488,1.22583
3554,1,3139,-3.98488,1.22583
3555,1,3140,-3.98488,1.22583
3556,1,3141,-3.98488,1.22583
3557,1,3142,-3.98488,1.22583
3558,1,3143,-3.98488,1.22583
3559,1,3144,-3.98489,1.22582
3560,1,3145,-3.98489,1.22582
3561,1,3146,-3.98489,1.22582
3562,1,3147,-3.98489,1.22582
3563,1,3148,-3.98489,1.22582
3564,1,3149,-3.98488,1.22582
3565,1,3150,-3.98488,1.22582
3566,1,3151,-3.98488,1.22582
3567,1,3152,-3.98488,1.22582
3568,1,3153,-3.98489,1.22582
3569,1,3154,-3.98489,1.22582
3570,1,3155,-3.98489,1.22582
3571,1,3156,-3.98489,1.22582
3572,1,3157,-3.98489,1.22582
3573,1,3158,-3.98489,1.22582
3574,1,3159,-3.98489,1.22582
3575,1,3160,-3.98489,1.22582
3576,1,3161,-3.98489,1.22582
3577,1,3162,-3.98489,1.22582
3578,1,3163,-3.98489,1.22582
3579,1,3164,-3.98489,1.22582
3580,1,3165,-3.98489,1.22582
3581,1,3166,-3.98489,1.22582
3582,1,3167,-3.98489,1.22582
3583,1,3168,-3.98489,1.22582
3584,1,3169,-3.98489,1.22582
3585,1,3170,-3.98489,1.22582
3586,1,3171,-3.98489,1.22582
3587,1,3172,-3.98489,1.22582
3588,1,3173,-3.98489,1.22582
3589,1,3174,-3.98489,1.22582
3590,1,3175,-3.98489,1.22582
3591,1,3176,-3.98489,1.22582
3592,1,3177,-3.98489,1.22582
3593,1,3178,-3.98489,1.22582
3594,1,3179,-3.98489,1.22582
3595,1,3180,-3.98488,1.22582
3596,1,3181,-3.98488,1.22582
3597,1,3182,-3.98488,1.22582
3598,1,3183,-3.98488,1.22582
3599,1,3184,-3.98488,1.22582
3600,1,3185,-3.98488,1.22582
3601,1,3186,-3.98488,1.22582
3602,1,3187,-3.98488,1.22582
3603,1,3188,-3.98488,1.22582
3604,1,3189,-3.98488,1.22582
3605,1,3190,-3.98488,1.22582
3606,1,3191,-3.98488,1.22582
3607,1,3192,-3.98488,1.22582
3608,1,3193,-3.98488,1.22582
3609,1,3194,-3.98488,1.22582
3610,1,3195,-3.98488,1.22582
3611,1,3196,-3.98489,1.22581
3612,1,3197,-3.98489,1.22581
3613,1,3198,-3.98489,1.22581
3614,1,3199,-3.98489,1.22581
3615,1,3200,-3.98489,1.22581
3616,1,3201,-3.98489,1.22581
3617,1,3202,-3.98489,1.22581
3618,1,3203,-3.98489,1.22581
3619,1,3204,-3.98489,1.22581
3620,1,3205,-3.98489,1.22581
3621,1,3206,-3.98489,1.22581
3622,1,3207,-3.98489,1.22581
3623,1,3208,-3.98489,1.22581
3624,1,3209,-3.98489,1.22581
3625,1,3210,-3.98489,1.22581
3626,1,3211,-3.98489,1.22581
3627,1,3212,-3.98489,1.22581
3628,1,3213,-3.98489,1.22581
3629,1,3214,-3.98489,1.22581
3630,1,3215,-3.98489,1.22581
3631,1,3216,-3.98489,1.22581
3632,1,3217,-3.98489,1.22581
3633,1,3218,-3.98489,1.22581
3634,1,3219,-3.98489,1.22581
3635,1,3220,-3.98489,1.22581
3636,1,3221,-3.98489,1.22581
3637,1,3222,-3.98489,1.22581
3638,1,3223,-3.98489,1.22581
3639,1,3224,-3.98489,1.22581
3640,1,3225,-3.98489,1.22581
3641,1,3226,-3.98489,1.22581
3642,1,3227,-3.98489,1.22581
3643,1,3228,-3.98489,1.22581
3644,1,3229,-3.98489,1.2258
3645,1,3230,-3.98489,1.2258
3646,1,3231,-3.98489,1.2258
3647,1,3232,-3.98489,1.2258
3648,1,3233,-3.98489,1.2258
3649,1,3234,-3.98489,1.2258
3650,1,3235,-3.98489,1.2258
3651,1,3236,-3.98489,1.2258
3652,1,3237,-3.98489,1.2258
3653,1,3238,-3.98489,1.2258
3654,1,3239,-3.98489,1.2258
3655,1,3240,-3.98489,1.2258
3656,1,3241,-3.98489,1.2258
3657,1,3242,-3.98489,1.2258
3658,1,3243,-3.98489,1.2258
3659,1,3244,-3.9849,1.2258
3660,1,3245,-3.9849,1.2258
3661,1,3246,-3.9849,1.2258
3662,1,3247,-3.9849,1.2258
3663,1,3248,-3.9849,1.2258
3664,1,3249,-3.9849,1.2258
3665,1,3250,-3.9849,1.2258
3666,1,3251,-3.9849,1.2258
3667,1,3252,-3.9849,1.2258
3668,1,3253,-3.9849,1.2258
3669,1,3254,-3.9849,1.2258
3670,1,3255,-3.9849,1.2258
3671,1,3256,-3.9849,1.2258
3672,1,3257,-3.9849,1.2258
3673,1,3258,-3.9849,1.2258
3674,1,3259,-3.9849,1.2258
3675,1,3260,-3.9849,1.2258
3676,1,3261,-3.9849,1.2258
3677,1,3262,-3.9849,1.2258
3678,1,3263,-3.9849,1.2258
3679,1,3264,-3.9849,1.2258
3680,1,3265,-3.9849,1.2258
3681,1,3266,-3.9849,1.2258
3682,1,3267,-3.9849,1.2258
3683,1,3268,-3.9849,1.2258
3684,1,3269,-3.9849,1.2258
3685,1,3270,-3.9849,1.2258
3686,1,3271,-3.9849,1.2258
3687,1,3272,-3.9849,1.2258
3688,1,3273,-3.9849,1.2258
3689,1,3274,-3.9849,1.2258
3690,1,3275,-3.9849,1.2258
3691,1,3276,-3.9849,1.2258
3692,1,3277,-3.9849,1.2258
3693,1,3278,-3.9849,1.2258
3694,1,3279,-3.9849,1.2258
3695,1,3280,-3.9849,1.2258
3696,1,3281,-3.9849,1.2258
3697,1,3282,-3.9849,1.2258
3698,1,3283,-3.9849,1.2258
3699,1,3284,-3.9849,1.2258
3700,1,3285,-3.9849,1.2258
3701,1,3286,-3.9849,1.2258
3702,1,3287,-3.9849,1.2258
3703,1,3288,-3.9849,1.2258
3704,1,3289,-3.9849,1.2258
3705,1,3290,-3.9849,1.2258
3706,1,3291,-3.9849,1.2258
3707,1,3292,-3.9849,1.2258
3708,1,3293,-3.9849,1.2258
3709,1,3294,-3.9849,1.2258
3710,1,3295,-3.9849,1.2258
3711,1,3296,-3.9849,1.2258
3712,1,3297,-3.9849,1.2258
3713,1,3298,-3.9849,1.2258
3714,1,3299,-3.9849,1.2258
3715,1,3300,-3.9849,1.2258
3716,1,3301,-3.9849,1.2258
3717,1,3302,-3.9849,1.2258
3718,1,3303,-3.9849,1.2258
3719,1,3304,-3.9849,1.2258
3720,1,3305,-3.9849,1.2258
3721,1,3306,-3.9849,1.2258
3722,1,3307,-3.9849,1.2258
3723,1,3308,-3.9849,1.2258
3724,1,3309,-3.9849,1.2258
3725,1,3310,-3.9849,1.2258
3726,1,3311,-3.9849,1.2258
3727,1,3312,-3.9849,1.2258
3728,1,3313,-3.9849,1.2258
3729,1,3314,-3.9849,1.2258
3730,1,3315,-3.9849,1.2258
3731,1,3316,-3.9849,1.2258
3732,1,3317,-3.9849,1.2258
3733,1,3318,-3.9849,1.2258
3734,1,3319,-3.9849,1.2258
3735,1,3320,-3.9849,1.2258
3736,1,3321,-3.9849,1.2258
3737,1,3322,-3.9849,1.2258
3738,1,3323,-3.9849,1.2258
3739,1,3324,-3.9849,1.2258
3740,1,3325,-3.9849,1.2258
3741,1,3326,-3.98489,1.2258
3742,1,3327,-3.98489,1.2258
3743,1,3328,-3.98489,1.2258
3744,1,3329,-3.98489,1.2258
3745,1,3330,-3.98489,1.2258
3746,1,3331,-3.98489,1.2258
3747,1,3332,-3.98489,1.2258
3748,1,3333,-3.98489,1.2258
3749,1,3334,-3.98489,1.2258
3750,1,3335,-3.98489,1.2258
3751,1,3336,-3.98489,1.2258
3752,1,3337,-3.98489,1.2258
3753,1,3338,-3.98489,1.2258
3754,1,3339,-3.98489,1.2258
3755,1,3340,-3.98489,1.2258
3756,1,3341,-3.98489,1.2258
3757,1,3342,-3.98489,1.2258
3758,1,3343,-3.98489,1.2258
3759,1,3344,-3.9849,1.22579
3760,1,3345,-3.9849,1.22579
3761,1,3346,-3.9849,1.22579
3762,1,3347,-3.98489,1.22579
3763,1,3348,-3.98489,1.22579
3764,1,3349,-3.98489,1.22579
3765,1,3350,-3.98489,1.22579
3766,1,3351,-3.98489,1.22579
3767,1,3352,-3.98489,1.22579
3768,1,3353,-3.98489,1.22579
3769,1,3354,-3.98489,1.22579
3770,1,3355,-3.98489,1.22579
3771,1,3356,-3.98489,1.22579
3772,1,3357,-3.98489,1.22579
3773,1,3358,-3.98489,1.22579
3774,1,3359,-3.98489,1.22579
3775,1,3360,-3.98489,1.22579
3776,1,3361,-3.98489,1.22579
3777,1,3362,-3.98489,1.2258
3778,1,3363,-3.98489,1.2258
3779,1,3364,-3.98489,1.2258
3780,1,3365,-3.98489,1.2258
3781,1,3366,-3.98489,1.2258
3782,1,3367,-3.98489,1.2258
3783,1,3368,-3.98489,1.2258
3784,1,3369,-3.98489,1.2258
3785,1,3370,-3.98489,1.2258
3786,1,3371,-3.98489,1.2258
3787,1,3372,-3.98489,1.2258
3788,1,3373,-3.98489,1.2258
3789,1,3374,-3.98489,1.2258
3790,1,3375,-3.98489,1.2258
3791,1,3376,-3.98489,1.2258
3792,1,3377,-3.98489,1.2258
3793,1,3378,-3.98489,1.2258
3794,1,3379,-3.98489,1.2258
3795,1,3380,-3.98489,1.2258
3796,1,3381,-3.98489,1.2258
3797,1,3382,-3.98489,1.2258
3798,1,3383,-3.98489,1.2258
3799,1,3384,-3.98489,1.2258
3800,1,3385,-3.98489,1.2258
3801,1,3386,-3.98489,1.2258
3802,1,3387,-3.98488,1.2258
3803,1,3388,-3.98488,1.2258
3804,1,3389,-3.98488,1.2258
3805,1,3390,-3.98488,1.2258
3806,1,3391,-3.98488,1.2258
3807,1,3392,-3.98488,1.2258
3808,1,3393,-3.98488,1.2258
3809,1,3394,-3.98488,1.2258
3810,1,3395,-3.98488,1.2258
3811,1,3396,-3.98488,1.2258
3812,1,3397,-3.98488,1.2258
3813,1,3398,-3.98488,1.2258
3814,1,3399,-3.98488,1.2258
3815,1,3400,-3.98488,1.2258
3816,1,3401,-3.98488,1.2258
3817,1,3402,-3.98488,1.2258
3818,1,3403,-3.98488,1.2258
3819,1,3404,-3.98488,1.2258
3820,1,3405,-3.98488,1.2258
3821,1,3406,-3.98488,1.2258
3822,1,3407,-3.98488,1.2258
3823,1,3408,-3.98488,1.2258
3824,1,3409,-3.98488,1.2258
3825,1,3410,-3.98488,1.2258
3826,1,3411,-3.98488,1.22581
3827,1,3412,-3.98488,1.22581
3828,1,3413,-3.98488,1.22581
3829,1,3414,-3.98488,1.22581
3830,1,3415,-3.98488,1.22581
3831,1,3416,-3.98488,1.22581
3832,1,3417,-3.98488,1.22581
3833,1,3418,-3.98488,1.22581
3834,1,3419,-3.98488,1.22581
3835,1,3420,-3.98488,1.22581
3836,1,3421,-3.98488,1.22581
3837,1,3422,-3.98488,1.22581
3838,1,3423,-3.98488,1.22581
3839,1,3424,-3.98488,1.22581
3840,1,3425,-3.98488,1.22581
3841,1,3426,-3.98488,1.22581
3842,1,3427,-3.98488,1.22581
3843,1,3428,-3.98488,1.22581
3844,1,3429,-3.98488,1.22581
3845,1,3430,-3.98488,1.22581
3846,1,3431,-3.98488,1.22581
3847,1,3432,-3.98488,1.22581
3848,1,3433,-3.98488,1.22581
3849,1,3434,-3.98488,1.22581
3850,1,3435,-3.98488,1.22581
3851,1,3436,-3.98488,1.22581
3852,1,3437,-3.98488,1.22581
3853,1,3438,-3.98488,1.22581
3854,1,3439,-3.98488,1.22581
3855,1,3440,-3.98488,1.22581
3856,1,3441,-3.98488,1.22581
3857,1,3442,-3.98488,1.22581
3858,1,3443,-3.98488,1.22581
3859,1,3444,-3.98488,1.22581
3860,1,3445,-3.98488,1.22581
3861,1,3446,-3.98488,1.22581
3862,1,3447,-3.98488,1.22581
3863,1,3448,-3.98488,1.22581
3864,1,3449,-3.98488,1.22581
3865,1,3450,-3.98488,1.22581
3866,1,3451,-3.98488,1.22581
3867,1,3452,-3.98488,1.22581
3868,1,3453,-3.98488,1.22581
3869,1,3454,-3.98488,1.22581
3870,1,3455,-3.98488,1.22581
3871,1,3456,-3.98488,1.22581
3872,1,3457,-3.98488,1.22581
3873,1,3458,-3.98488,1.22581
3874,1,3459,-3.98488,1.22581
3875,1,3460,-3.98488,1.22581
3876,1,3461,-3.98488,1.22581
3877,1,3462,-3.98488,1.22581
3878,1,3463,-3.98488,1.22581
3879,1,3464,-3.98488,1.22581
3880,1,3465,-3.98488,1.22581
3881,1,3466,-3.98488,1.22581
3882,1,3467,-3.98488,1.22581
3883,1,3468,-3.98488,1.22581
3884,1,3469,-3.98488,1.22581
3885,1,3470,-3.98488,1.22581
3886,1,3471,-3.98488,1.22581
3887,1,3472,-3.98488,1.22581
3888,1,3473,-3.98488,1.22581
3889,1,3474,-3.98488,1.22581
3890,1,3475,-3.98488,1.22581
3891,1,3476,-3.98488,1.22581
3892,1,3477,-3.98488,1.22581
3893,1,3478,-3.98488,1.22581
3894,1,3479,-3.98488,1.22581
3895,1,3480,-3.98488,1.22581
3896,1,3481,-3.98488,1.22581
3897,1,3482,-3.98488,1.22581
3898,1,3483,-3.98488,1.22581
3899,1,3484,-3.98488,1.22581
3900,1,3485,-3.98488,1.22581
3901,1,3486,-3.98488,1.22581
3902,1,3487,-3.98488,1.22581
3903,1,3488,-3.98488,1.22581
3904,1,3489,-3.98488,1.22581
3905,1,3490,-3.98488,1.22581
3906,1,3491,-3.98488,1.22581
3907,1,3492,-3.98488,1.22581
3908,1,3493,-3.98488,1.22581
3909,1,3494,-3.98488,1.22581
3910,1,3495,-3.98488,1.22581
3911,1,3496,-3.98488,1.22581
3912,1,3497,-3.98488,1.22581
3913,1,3498,-3.98488,1.22581
3914,1,3499,-3.98488,1.22581
3915,1,3500,-3.98488,1.22581
3916,1,3501,-3.98488,1.22581
3917,1,3502,-3.98488,1.22581
3918,1,3503,-3.98488,1.22581
3919,1,3504,-3.98488,1.22581
3920,1,3505,-3.98488,1.22581
3921,1,3506,-3.98488,1.22581
3922,1,3507,-3.98488,1.22581
3923,1,3508,-3.98488,1.22581
3924,1,3509,-3.98488,1.22581
3925,1,3510,-3.98488,1.22581
3926,1,3511,-3.98488,1.22581
3927,1,3512,-3.98488,1.22581
3928,1,3513,-3.98488,1.22581
3929,1,3514,-3.98488,1.22581
3930,1,3515,-3.98488,1.22581
3931,1,3516,-3.98488,1.22581
3932,1,3517,-3.98488,1.22581
3933,1,3518,-3.98488,1.22581
3934,1,3519,-3.98488,1.22581
3935,1,3520,-3.98488,1.22581
3936,1,3521,-3.98488,1.22581
3937,1,3522,-3.98488,1.22581
3938,1,3523,-3.98488,1.22581
3939,1,3524,-3.98488,1.22581
3940,1,3525,-3.98488,1.22581
3941,1,3526,-3.98488,1.22581
3942,1,3527,-3.98488,1.22581
3943,1,3528,-3.98488,1.22581
3944,1,3529,-3.98488,1.22581
3945,1,3530,-3.98488,1.22581
3946,1,3531,-3.98488,1.22581
3947,1,3532,-3.98488,1.22581
3948,1,3533,-3.98488,1.22581
3949,1,3534,-3.98488,1.22581
3950,1,3535,-3.98488,1.22581
3951,1,3536,-3.98488,1.22581
3952,1,3537,-3.98488,1.22581
3953,1,3538,-3.98488,1.22581
3954,1,3539,-3.98488,1.22581
3955,1,3540,-3.98488,1.22581
3956,1,3541,-3.98488,1.22581
3957,1,3542,-3.98488,1.22581
3958,1,3543,-3.98488,1.22581
3959,1,3544,-3.98488,1.22581
3960,1,3545,-3.98488,1.22581
3961,1,3546,-3.98488,1.22581
3962,1,3547,-3.98488,1.22581
3963,1,3548,-3.98488,1.22581
3964,1,3549,-3.98487,1.22582
3965,1,3550,-3.98487,1.22582
3966,1,3551,-3.98487,1.22582
3967,1,3552,-3.98487,1.22582
3968,1,3553,-3.98487,1.22582
3969,1,3554,-3.98487,1.22582
3970,1,3555,-3.98487,1.22582
3971,1,3556,-3.98487,1.22582
3972,1,3557,-3.98487,1.22582
3973,1,3558,-3.98487,1.22582
3974,1,3559,-3.98487,1.22582
3975,1,3560,-3.98487,1.22582
3976,1,3561,-3.98487,1.22582
3977,1,3562,-3.98488,1.22582
3978,1,3563,-3.98488,1.22582
3979,1,3564,-3.98488,1.22582
3980,1,3565,-3.98488,1.22582
3981,1,3566,-3.98488,1.22582
3982,1,3567,-3.98488,1.22582
3983,1,3568,-3.98488,1.22582
3984,1,3569,-3.98488,1.22582
3985,1,3570,-3.98488,1.22582
3986,1,3571,-3.98488,1.22582
3987,1,3572,-3.98488,1.22582
3988,1,3573,-3.98488,1.22582
3989,1,3574,-3.98488,1.22582
3990,1,3575,-3.98488,1.22582
3991,1,3576,-3.98488,1.22582
3992,1,3577,-3.98488,1.22581
3993,1,3578,-3.98488,1.22581
3994,1,3579,-3.98488,1.22581
3995,1,3580,-3.98488,1.22581
3996,1,3581,-3.98488,1.22581
3997,1,3582,-3.98487,1.22581
3998,1,3583,-3.98487,1.22581
3999,1,3584,-3.98487,1.22581
4000,1,3585,-3.98487,1.22581
4001,1,3586,-3.98487,1.22581
4002,1,3587,-3.98487,1.22581
4003,1,3588,-3.98487,1.22581
4004,1,3589,-3.98487,1.22581
4005,1,3590,-3.98487,1.22581
4006,1,3591,-3.98487,1.22581
4007,1,3592,-3.98487,1.22582
4008,1,3593,-3.98487,1.22582
4009,1,3594,-3.98487,1.22582
4010,1,3595,-3.98487,1.22582
4011,1,3596,-3.98487,1.22582
4012,1,3597,-3.98487,1.22582
4013,1,3598,-3.98487,1.22582
4014,1,3599,-3.98487,1.22582
4015,1,3600,-3.98487,1.22582
4016,1,3601,-3.98487,1.22582
4017,1,3602,-3.98487,1.22582
4018,1,3603,-3.98487,1.22582
4019,1,3604,-3.98487,1.22582
4020,1,3605,-3.98487,1.22582
4021,1,3606,-3.98487,1.22582
4022,1,3607,-3.98487,1.22582
4023,1,3608,-3.98487,1.22582
4024,1,3609,-3.98487,1.22582
4025,1,3610,-3.98487,1.22582
4026,1,3611,-3.98487,1.22582
4027,1,3612,-3.98487,1.22582
4028,1,3613,-3.98487,1.22582
4029,1,3614,-3.98487,1.22582
4030,1,3615,-3.98487,1.22582
4031,1,3616,-3.98487,1.22582
4032,1,3617,-3.98487,1.22582
4033,1,3618,-3.98487,1.22582
4034,1,3619,-3.98487,1.22582
4035,1,3620,-3.98487,1.22582
4036,1,3621,-3.98487,1.22582
4037,1,3622,-3.98487,1.22582
4038,1,3623,-3.98487,1.22582
4039,1,3624,-3.98487,1.22582
4040,1,3625,-3.98487,1.22582
4041,1,3626,-3.98487,1.22582
4042,1,3627,-3.98487,1.22582
4043,1,3628,-3.98487,1.22582
4044,1,3629,-3.98487,1.22582
4045,1,3630,-3.98487,1.22582
4046,1,3631,-3.98487,1.22582
4047,1,3632,-3.98487,1.22582
4048,1,3633,-3.98487,1.22582
4049,1,3634,-3.98487,1.22582
4050,1,3635,-3.98487,1.22582
4051,1,3636,-3.98487,1.22582
4052,1,3637,-3.98487,1.22582
4053,1,3638,-3.98487,1.22582
4054,1,3639,-3.98487,1.22582
4055,1,3640,-3.98487,1.22582
4056,1,3641,-3.98487,1.22582
4057,1,3642,-3.98487,1.22582
4058,1,3643,-3.98487,1.22582
4059,1,3644,-3.98487,1.22582
4060,1,3645,-3.98487,1.22582
4061,1,3646,-3.98487,1.22582
4062,1,3647,-3.98487,1.22582
4063,1,3648,-3.98487,1.22582
4064,1,3649,-3.98487,1.22582
4065,1,3650,-3.98487,1.22582
4066,1,3651,-3.98487,1.22582
4067,1,3652,-3.98487,1.22582
4068,1,3653,-3.98487,1.22582
4069,1,3654,-3.98487,1.22582
4070,1,3655,-3.98487,1.22582
4071,1,3656,-3.98487,1.22582
4072,1,3657,-3.98487,1.22582
4073,1,3658,-3.98487,1.22582
4074,1,3659,-3.98487,1.22582
4075,1,3660,-3.98487,1.22582
4076,1,3661,-3.98487,1.22582
4077,1,3662,-3.98487,1.22582
4078,1,3663,-3.98487,1.22582
4079,1,3664,-3.98487,1.22582
4080,1,3665,-3.98487,1.22582
4081,1,3666,-3.98487,1.22582
4082,1,3667,-3.98487,1.22582
4083,1,3668,-3.98487,1.22582
4084,1,3669,-3.98487,1.22582
4085,1,3670,-3.98487,1.22582
4086,1,3671,-3.98487,1.22582
4087,1,3672,-3.98487,1.22582
4088,1,3673,-3.98487,1.22582
4089,1,3674,-3.98487,1.22582
4090,1,3675,-3.98487,1.22582
4091,1,3676,-3.98487,1.22582
4092,1,3677,-3.98487,1.22582
4093,1,3678,-3.98487,1.22582
4094,1,3679,-3.98487,1.22582
4095,1,3680,-3.98487,1.22582
4096,1,3681,-3.98487,1.22582
4097,1,3682,-3.98487,1.22582
4098,1,3683,-3.98487,1.22582
4099,1,3684,-3.98487,1.22582
4100,1,3685,-3.98487,1.22582
4101,1,3686,-3.98487,1.22582
4102,1,3687,-3.98487,1.22582
4103,1,3688,-3.98487,1.22582
4104,1,3689,-3.98487,1.22582
4105,1,3690,-3.98487,1.22582
4106,1,3691,-3.98487,1.22582
4107,1,3692,-3.98487,1.22582
4108,1,3693,-3.98487,1.22582
4109,1,3694,-3.98487,1.22582
4110,1,3695,-3.98487,1.22582
4111,1,3696,-3.98487,1.22582
4112,1,3697,-3.98487,1.22582
4113,1,3698,-3.98487,1.22582
4114,1,3699,-3.98487,1.22582
4115,1,3700,-3.98487,1.22582
4116,1,3701,-3.98487,1.22582
4117,1,3702,-3.98487,1.22582
4118,1,3703,-3.98487,1.22582
4119,1,3704,-3.98487,1.22582
4120,1,3705,-3.98487,1.22582
4121,1,3706,-3.98487,1.22582
4122,1,3707,-3.98487,1.22582
4123,1,3708,-3.98487,1.22582
4124,1,3709,-3.98487,1.22582
4125,1,3710,-3.98487,1.22582
4126,1,3711,-3.98487,1.22582
4127,1,3712,-3.98487,1.22582
4128,1,3713,-3.98487,1.22582
4129,1,3714,-3.98487,1.22582
4130,1,3715,-3.98487,1.22582
4131,1,3716,-3.98487,1.22582
4132,1,3717,-3.98487,1.22582
4133,1,3718,-3.98487,1.22582
4134,1,3719,-3.98487,1.22582
4135,1,3720,-3.98487,1.22582
4136,1,3721,-3.98487,1.22582
4137,1,3722,-3.98487,1.22582
4138,1,3723,-3.98487,1.22582
4139,1,3724,-3.98487,1.22582
4140,1,3725,-3.98487,1.22582
4141,1,3726,-3.98487,1.22582
4142,1,3727,-3.98487,1.22582
4143,1,3728,-3.98487,1.22582
4144,1,3729,-3.98487,1.22582
4145,1,3730,-3.98487,1.22582
4146,1,3731,-3.98487,1.22582
4147,1,3732,-3.98487,1.22582
4148,1,3733,-3.98487,1.22582
4149,1,3734,-3.98487,1.22582
4150,1,3735,-3.98487,1.22582
4151,1,3736,-3.98487,1.22582
4152,1,3737,-3.98487,1.22582
4153,1,3738,-3.98487,1.22582
4154,1,3739,-3.98487,1.22582
4155,1,3740,-3.98487,1.22582
4156,1,3741,-3.98487,1.22582
4157,1,3742,-3.98487,1.22582
4158,1,3743,-3.98487,1.22581
4159,1,3744,-3.98487,1.22581
4160,1,3745,-3.98487,1.22581
4161,1,3746,-3.98487,1.22581
4162,1,3747,-3.98487,1.22581
4163,1,3748,-3.98487,1.22581
4164,1,3749,-3.98487,1.22581
4165,1,3750,-3.98487,1.22581
4166,1,3751,-3.98487,1.22581
4167,1,3752,-3.98487,1.22581
4168,1,3753,-3.98487,1.22581
4169,1,3754,-3.98488,1.22581
4170,1,3755,-3.98487,1.22581
4171,1,3756,-3.98487,1.22581
4172,1,3757,-3.98487,1.22581
4173,1,3758,-3.98487,1.22581
4174,1,3759,-3.98487,1.22581
4175,1,3760,-3.98487,1.22581
4176,1,3761,-3.98487,1.22581
4177,1,3762,-3.98487,1.22581
4178,1,3763,-3.98487,1.22581
4179,1,3764,-3.98487,1.22581
4180,1,3765,-3.98487,1.22581
4181,1,3766,-3.98487,1.22581
4182,1,3767,-3.98487,1.22581
4183,1,3768,-3.98487,1.22581
4184,1,3769,-3.98487,1.22581
4185,1,3770,-3.98487,1.22581
4186,1,3771,-3.98487,1.22581
4187,1,3772,-3.98487,1.22581
4188,1,3773,-3.98487,1.22581
4189,1,3774,-3.98487,1.22581
4190,1,3775,-3.98487,1.22581
4191,1,3776,-3.98487,1.22581
4192,1,3777,-3.98487,1.22581
4193,1,3778,-3.98487,1.22581
4194,1,3779,-3.98488,1.2258
4195,1,3780,-3.98488,1.2258
4196,1,3781,-3.98488,1.2258
4197,1,3782,-3.98488,1.2258
4198,1,3783,-3.98488,1.2258
4199,1,3784,-3.98488,1.2258
4200,1,3785,-3.98488,1.2258
4201,1,3786,-3.98488,1.2258
4202,1,3787,-3.98487,1.22581
4203,1,3788,-3.98487,1.22581
4204,1,3789,-3.98487,1.22581
4205,1,3790,-3.98487,1.22581
4206,1,3791,-3.98487,1.22581
4207,1,3792,-3.98487,1.22581
4208,1,3793,-3.98487,1.22581
4209,1,3794,-3.98487,1.22581
4210,1,3795,-3.98487,1.22581
4211,1,3796,-3.98487,1.22581
4212,1,3797,-3.98487,1.22581
4213,1,3798,-3.98488,1.22581
4214,1,3799,-3.98488,1.2258
4215,1,3800,-3.98488,1.2258
4216,1,3801,-3.98488,1.2258
4217,1,3802,-3.98488,1.2258
4218,1,3803,-3.98488,1.2258
4219,1,3804,-3.98488,1.2258
4220,1,3805,-3.98488,1.2258
4221,1,3806,-3.98488,1.2258
4222,1,3807,-3.98488,1.2258
4223,1,3808,-3.98488,1.2258
4224,1,3809,-3.98488,1.2258
4225,1,3810,-3.98488,1.2258
4226,1,3811,-3.98488,1.2258
4227,1,3812,-3.98488,1.2258
4228,1,3813,-3.98488,1.2258
4229,1,3814,-3.98488,1.2258
4230,1,3815,-3.98488,1.2258
4231,1,3816,-3.98488,1.2258
4232,1,3817,-3.98488,1.2258
4233,1,3818,-3.98488,1.2258
4234,1,3819,-3.98488,1.2258
4235,1,3820,-3.98488,1.2258
4236,1,3821,-3.98488,1.2258
4237,1,3822,-3.98488,1.2258
4238,1,3823,-3.98488,1.2258
4239,1,3824,-3.98488,1.2258
4240,1,3825,-3.98488,1.2258
4241,1,3826,-3.98488,1.2258
4242,1,3827,-3.98488,1.2258
4243,1,3828,-3.98488,1.2258
4244,1,3829,-3.98488,1.2258
4245,1,3830,-3.98488,1.2258
4246,1,3831,-3.98488,1.2258
4247,1,3832,-3.98488,1.2258
4248,1,3833,-3.98488,1.2258
4249,1,3834,-3.98488,1.2258
4250,1,3835,-3.98488,1.2258
4251,1,3836,-3.98488,1.2258
4252,1,3837,-3.98488,1.2258
4253,1,3838,-3.98488,1.2258
4254,1,3839,-3.98488,1.2258
4255,1,3840,-3.98488,1.2258
4256,1,3841,-3.98488,1.2258
4257,1,3842,-3.98488,1.2258
4258,1,3843,-3.98488,1.2258
4259,1,3844,-3.98488,1.2258
4260,1,3845,-3.98488,1.2258
4261,1,3846,-3.98488,1.2258
4262,1,3847,-3.98488,1.2258
4263,1,3848,-3.98488,1.2258
4264,1,3849,-3.98488,1.2258
4265,1,3850,-3.98488,1.2258
4266,1,3851,-3.98488,1.2258
4267,1,3852,-3.98488,1.22579
4268,1,3853,-3.98488,1.22579
4269,1,3854,-3.98488,1.22579
4270,1,3855,-3.98488,1.22579
4271,1,3856,-3.98488,1.22579
4272,1,3857,-3.98488,1.22579
4273,1,3858,-3.98488,1.22579
4274,1,3859,-3.98488,1.22579
4275,1,3860,-3.98488,1.22579
4276,1,3861,-3.98488,1.22579
4277,1,3862,-3.98488,1.22579
4278,1,3863,-3.98488,1.22579
4279,1,3864,-3.98488,1.22579
4280,1,3865,-3.98488,1.22579
4281,1,3866,-3.98488,1.22579
4282,1,3867,-3.98488,1.22579
4283,1,3868,-3.98488,1.22579
4284,1,3869,-3.98488,1.22579
4285,1,3870,-3.98488,1.22579
4286,1,3871,-3.98488,1.22579
4287,1,3872,-3.98488,1.22579
4288,1,3873,-3.98488,1.22579
4289,1,3874,-3.98488,1.22579
4290,1,3875,-3.98488,1.22579
4291,1,3876,-3.98488,1.22579
4292,1,3877,-3.98488,1.22579
4293,1,3878,-3.98488,1.22579
4294,1,3879,-3.98488,1.22579
4295,1,3880,-3.98488,1.22579
4296,1,3881,-3.98488,1.22579
4297,1,3882,-3.98488,1.22579
4298,1,3883,-3.98488,1.22579
4299,1,3884,-3.98488,1.2258
4300,1,3885,-3.98488,1.2258
4301,1,3886,-3.98488,1.2258
4302,1,3887,-3.98488,1.2258
4303,1,3888,-3.98488,1.2258
4304,1,3889,-3.98488,1.2258
4305,1,3890,-3.98488,1.2258
4306,1,3891,-3.98488,1.2258
4307,1,3892,-3.98488,1.2258
4308,1,3893,-3.98488,1.2258
4309,1,3894,-3.98488,1.2258
4310,1,3895,-3.98488,1.2258
4311,1,3896,-3.98488,1.2258
4312,1,3897,-3.98488,1.2258
4313,1,3898,-3.98488,1.2258
4314,1,3899,-3.98488,1.2258
4315,1,3900,-3.98488,1.2258
4316,1,3901,-3.98488,1.2258
4317,1,3902,-3.98488,1.2258
4318,1,3903,-3.98488,1.2258
4319,1,3904,-3.98488,1.2258
4320,1,3905,-3.98488,1.2258
4321,1,3906,-3.98488,1.22579
4322,1,3907,-3.98488,1.22579
4323,1,3908,-3.98488,1.22579
4324,1,3909,-3.98488,1.22579
4325,1,3910,-3.98488,1.22579
4326,1,3911,-3.98488,1.2258
4327,1,3912,-3.98488,1.2258
4328,1,3913,-3.98488,1.2258
4329,1,3914,-3.98488,1.2258
4330,1,3915,-3.98488,1.2258
4331,1,3916,-3.98488,1.2258
4332,1,3917,-3.98488,1.2258
4333,1,3918,-3.98488,1.2258
4334,1,3919,-3.98488,1.2258
4335,1,3920,-3.98488,1.2258
4336,1,3921,-3.98488,1.2258
4337,1,3922,-3.98488,1.2258
4338,1,3923,-3.98488,1.2258
4339,1,3924,-3.98488,1.2258
4340,1,3925,-3.98488,1.2258
4341,1,3926,-3.98488,1.2258
4342,1,3927,-3.98488,1.2258
4343,1,3928,-3.98488,1.2258
4344,1,3929,-3.98488,1.2258
4345,1,3930,-3.98488,1.2258
4346,1,3931,-3.98488,1.2258
4347,1,3932,-3.98488,1.2258
4348,1,3933,-3.98488,1.22579
4349,1,3934,-3.98488,1.22579
4350,1,3935,-3.98488,1.22579
4351,1,3936,-3.98488,1.22579
4352,1,3937,-3.98488,1.22579
4353,1,3938,-3.98488,1.22579
4354,1,3939,-3.98488,1.22579
4355,1,3940,-3.98488,1.22579
4356,1,3941,-3.98488,1.22579
4357,1,3942,-3.98488,1.22579
4358,1,3943,-3.98488,1.22579
4359,1,3944,-3.98488,1.22579
4360,1,3945,-3.98488,1.22579
4361,1,3946,-3.98488,1.22579
4362,1,3947,-3.98488,1.22579
4363,1,3948,-3.98488,1.22578
4364,1,3949,-3.98488,1.22578
4365,1,3950,-3.98488,1.22578
4366,1,3951,-3.98488,1.22578
4367,1,3952,-3.98488,1.22578
4368,1,3953,-3.98488,1.22578
4369,1,3954,-3.98488,1.22578
4370,1,3955,-3.98488,1.22578
4371,1,3956,-3.98488,1.22578
4372,1,3957,-3.98488,1.22578
4373,1,3958,-3.98488,1.22578
4374,1,3959,-3.98488,1.22578
4375,1,3960,-3.98488,1.22578
4376,1,3961,-3.98488,1.22578
4377,1,3962,-3.98488,1.22578
4378,1,3963,-3.98488,1.22578
4379,1,3964,-3.98488,1.22578
4380,1,3965,-3.98488,1.22578
4381,1,3966,-3.98488,1.22578
4382,1,3967,-3.98488,1.22578
4383,1,3968,-3.98488,1.22578
4384,1,3969,-3.98488,1.22578
4385,1,3970,-3.98488,1.22578
4386,1,3971,-3.98488,1.22578
4387,1,3972,-3.98488,1.22578
4388,1,3973,-3.98488,1.22578
4389,1,3974,-3.98488,1.22578
4390,1,3975,-3.98488,1.22578
4391,1,3976,-3.98488,1.22578
4392,1,3977,-3.98488,1.22578
4393,1,3978,-3.98488,1.22578
4394,1,3979,-3.98488,1.22578
4395,1,3980,-3.98488,1.22578
4396,1,3981,-3.98488,1.22578
4397,1,3982,-3.98488,1.22578
4398,1,3983,-3.98488,1.22578
4399,1,3984,-3.98488,1.22578
4400,1,3985,-3.98488,1.22578
4401,1,3986,-3.98488,1.22578
4402,1,3987,-3.98488,1.22578
4403,1,3988,-3.98488,1.22578
4404,1,3989,-3.98488,1.22578
4405,1,3990,-3.98488,1.22578
4406,1,3991,-3.98488,1.22578
4407,1,3992,-3.98488,1.22578
4408,1,3993,-3.98488,1.22578
4409,1,3994,-3.98488,1.22578
4410,1,3995,-3.98488,1.22578
4411,1,3996,-3.98488,1.22578
4412,1,3997,-3.98488,1.22578
4413,1,3998,-3.98488,1.22578
4414,1,3999,-3.98488,1.22578
4415,1,4000,-3.98488,1.22578
4416,1,4001,-3.98488,1.22578
4417,1,4002,-3.98488,1.22578
4418,1,4003,-3.98488,1.22578
4419,1,4004,-3.98488,1.22578
4420,1,4005,-3.98488,1.22578
4421,1,4006,-3.98488,1.22578
4422,1,4007,-3.98488,1.22578
4423,1,4008,-3.98488,1.22579
4424,1,4009,-3.98488,1.22579
4425,1,4010,-3.98488,1.22579
4426,1,4011,-3.98488,1.22579
4427,1,4012,-3.98488,1.22579
4428,1,4013,-3.98488,1.22579
4429,1,4014,-3.98488,1.22579
4430,1,4015,-3.98488,1.22579
4431,1,4016,-3.98488,1.22579
4432,1,4017,-3.98488,1.22579
4433,1,4018,-3.98488,1.22579
4434,1,4019,-3.98488,1.22579
4435,1,4020,-3.98488,1.22579
4436,1,4021,-3.98488,1.22579
4437,1,4022,-3.98488,1.22579
4438,1,4023,-3.98488,1.22579
4439,1,4024,-3.98488,1.22579
4440,1,4025,-3.98488,1.22579
4441,1,4026,-3.98488,1.22579
4442,1,4027,-3.98488,1.22579
4443,1,4028,-3.98488,1.22579
4444,1,4029,-3.98488,1.22579
4445,1,4030,-3.98488,1.22579
4446,1,4031,-3.98488,1.22579
4447,1,4032,-3.98488,1.22579
4448,1,4033,-3.98488,1.22579
4449,1,4034,-3.98488,1.22579
4450,1,4035,-3.98488,1.22579
4451,1,4036,-3.98488,1.22579
4452,1,4037,-3.98488,1.22579
4453,1,4038,-3.98488,1.22579
4454,1,4039,-3.98488,1.22579
4455,1,4040,-3.98488,1.22579
4456,1,4041,-3.98488,1.22579
4457,1,4042,-3.98488,1.22579
4458,1,4043,-3.98488,1.22579
4459,1,4044,-3.98488,1.22579
4460,1,4045,-3.98488,1.22579
4461,1,4046,-3.98488,1.22579
4462,1,4047,-3.98488,1.22579
4463,1,4048,-3.98488,1.22579
4464,1,4049,-3.98488,1.22579
4465,1,4050,-3.98488,1.22579
4466,1,4051,-3.98488,1.22579
4467,1,4052,-3.98488,1.22579
4468,1,4053,-3.98488,1.22579
4469,1,4054,-3.98488,1.22579
4470,1,4055,-3.98488,1.22579
4471,1,4056,-3.98488,1.22579
4472,1,4057,-3.98488,1.22579
4473,1,4058,-3.98488,1.22579
4474,1,4059,-3.98488,1.22579
4475,1,4060,-3.98488,1.22579
4476,1,4061,-3.98488,1.22579
4477,1,4062,-3.98488,1.22579
4478,1,4063,-3.98488,1.22579
4479,1,4064,-3.98488,1.22579
4480,1,4065,-3.98488,1.22579
4481,1,4066,-3.98488,1.22579
4482,1,4067,-3.98488,1.22579
4483,1,4068,-3.98488,1.22579
4484,1,4069,-3.98488,1.22579
4485,1,4070,-3.98488,1.22579
4486,1,4071,-3.98488,1.22579
4487,1,4072,-3.98488,1.22579
4488,1,4073,-3.98488,1.22579
4489,1,4074,-3.98488,1.22579
4490,1,4075,-3.98488,1.22579
4491,1,4076,-3.98488,1.22579
4492,1,4077,-3.98488,1.22579
4493,1,4078,-3.98488,1.22579
4494,1,4079,-3.98488,1.22579
4495,1,4080,-3.98488,1.22579
4496,1,4081,-3.98488,1.22579
4497,1,4082,-3.98488,1.22579
4498,1,4083,-3.98488,1.22579
4499,1,4084,-3.98488,1.2258
4500,1,4085,-3.98488,1.2258
4501,1,4086,-3.98488,1.2258
4502,1,4087,-3.98488,1.2258
4503,1,4088,-3.98488,1.2258
4504,1,4089,-3.98488,1.2258
4505,1,4090,-3.98488,1.2258
4506,1,4091,-3.98488,1.2258
4507,1,4092,-3.98488,1.2258
4508,1,4093,-3.98488,1.2258
4509,1,4094,-3.98488,1.2258
4510,1,4095,-3.98488,1.2258
4511,1,4096,-3.98488,1.2258
4512,1,4097,-3.98488,1.2258
4513,1,4098,-3.98488,1.2258
4514,1,4099,-3.98488,1.2258
4515,1,4100,-3.98488,1.2258
4516,1,4101,-3.98488,1.2258
4517,1,4102,-3.98488,1.2258
4518,1,4103,-3.98488,1.2258
4519,1,4104,-3.98488,1.2258
4520,1,4105,-3.98488,1.2258
4521,1,4106,-3.98488,1.2258
4522,1,4107,-3.98488,1.2258
4523,1,4108,-3.98488,1.2258
4524,1,4109,-3.98488,1.2258
4525,1,4110,-3.98488,1.2258
4526,1,4111,-3.98488,1.22579
4527,1,4112,-3.98488,1.22579
4528,1,4113,-3.98488,1.22579
4529,1,4114,-3.98488,1.22579
4530,1,4115,-3.98488,1.22579
4531,1,4116,-3.98488,1.22579
4532,1,4117,-3.98488,1.22579
4533,1,4118,-3.98488,1.22579
4534,1,4119,-3.98488,1.22579
4535,1,4120,-3.98488,1.22579
4536,1,4121,-3.98488,1.22579
4537,1,4122,-3.98488,1.22579
4538,1,4123,-3.98488,1.22579
4539,1,4124,-3.98488,1.22579
4540,1,4125,-3.98488,1.22579
4541,1,4126,-3.98488,1.22579
4542,1,4127,-3.98488,1.22579
4543,1,4128,-3.98488,1.22579
4544,1,4129,-3.98488,1.22579
4545,1,4130,-3.98488,1.22579
4546,1,4131,-3.98488,1.22579
4547,1,4132,-3.98488,1.22579
4548,1,4133,-3.98488,1.22579
4549,1,4134,-3.98488,1.22579
4550,1,4135,-3.98488,1.22579
4551,1,4136,-3.98488,1.22579
4552,1,4137,-3.98488,1.22579
4553,1,4138,-3.98488,1.22579
4554,1,4139,-3.98487,1.22579
4555,1,4140,-3.98487,1.22579
4556,1,4141,-3.98487,1.22579
4557,1,4142,-3.98487,1.22579
4558,1,4143,-3.98487,1.22579
4559,1,4144,-3.98487,1.22579
4560,1,4145,-3.98487,1.22579
4561,1,4146,-3.98487,1.22579
4562,1,4147,-3.98487,1.22579
4563,1,4148,-3.98487,1.22579
4564,1,4149,-3.98487,1.22579
4565,1,4150,-3.98487,1.22579
4566,1,4151,-3.98487,1.22579
4567,1,4152,-3.98487,1.22579
4568,1,4153,-3.98487,1.22579
4569,1,4154,-3.98487,1.22579
4570,1,4155,-3.98487,1.22579
4571,1,4156,-3.98487,1.22579
4572,1,4157,-3.98487,1.22579
4573,1,4158,-3.98487,1.22579
4574,1,4159,-3.98487,1.22579
4575,1,4160,-3.98487,1.22579
4576,1,4161,-3.98487,1.2258
4577,1,4162,-3.98487,1.2258
4578,1,4163,-3.98487,1.2258
4579,1,4164,-3.98487,1.2258
4580,1,4165,-3.98487,1.2258
4581,1,4166,-3.98487,1.2258
4582,1,4167,-3.98487,1.2258
4583,1,4168,-3.98487,1.2258
4584,1,4169,-3.98487,1.2258
4585,1,4170,-3.98487,1.2258
4586,1,4171,-3.98487,1.2258
4587,1,4172,-3.98487,1.2258
4588,1,4173,-3.98487,1.2258
4589,1,4174,-3.98487,1.2258
4590,1,4175,-3.98487,1.2258
4591,1,4176,-3.98487,1.2258
4592,1,4177,-3.98487,1.2258
4593,1,4178,-3.98487,1.2258
4594,1,4179,-3.98487,1.2258
4595,1,4180,-3.98487,1.2258
4596,1,4181,-3.98487,1.2258
4597,1,4182,-3.98487,1.2258
4598,1,4183,-3.98487,1.2258
4599,1,4184,-3.98487,1.2258
4600,1,4185,-3.98487,1.2258
4601,1,4186,-3.98487,1.2258
4602,1,4187,-3.98487,1.2258
4603,1,4188,-3.98487,1.2258
4604,1,4189,-3.98487,1.2258
4605,1,4190,-3.98487,1.2258
4606,1,4191,-3.98487,1.2258
4607,1,4192,-3.98487,1.2258
4608,1,4193,-3.98487,1.2258
4609,1,4194,-3.98487,1.2258
4610,1,4195,-3.98487,1.2258
4611,1,4196,-3.98487,1.2258
4612,1,4197,-3.98487,1.2258
4613,1,4198,-3.98487,1.2258
4614,1,4199,-3.98487,1.2258
4615,1,4200,-3.98487,1.2258
4616,1,4201,-3.98487,1.2258
4617,1,4202,-3.98487,1.2258
4618,1,4203,-3.98487,1.2258
4619,1,4204,-3.98487,1.2258
4620,1,4205,-3.98487,1.2258
4621,1,4206,-3.98487,1.2258
4622,1,4207,-3.98487,1.2258
4623,1,4208,-3.98487,1.2258
4624,1,4209,-3.98487,1.2258
4625,1,4210,-3.98487,1.2258
4626,1,4211,-3.98487,1.2258
4627,1,4212,-3.98487,1.2258
4628,1,4213,-3.98487,1.2258
4629,1,4214,-3.98487,1.2258
4630,1,4215,-3.98487,1.2258
4631,1,4216,-3.98487,1.2258
4632,1,4217,-3.98487,1.2258
4633,1,4218,-3.98488,1.22579
4634,1,4219,-3.98488,1.22579
4635,1,4220,-3.98488,1.22579
4636,1,4221,-3.98488,1.22579
4637,1,4222,-3.98488,1.22579
4638,1,4223,-3.98488,1.22579
4639,1,4224,-3.98488,1.22579
4640,1,4225,-3.98488,1.22579
4641,1,4226,-3.98488,1.22579
4642,1,4227,-3.98488,1.22579
4643,1,4228,-3.98488,1.22579
4644,1,4229,-3.98488,1.22579
4645,1,4230,-3.98488,1.22579
4646,1,4231,-3.98488,1.22579
4647,1,4232,-3.98488,1.22579
4648,1,4233,-3.98488,1.22579
4649,1,4234,-3.98488,1.22579
4650,1,4235,-3.98488,1.22579
4651,1,4236,-3.98488,1.22579
4652,1,4237,-3.98488,1.22579
4653,1,4238,-3.98488,1.22579
4654,1,4239,-3.98488,1.22579
4655,1,4240,-3.98488,1.22579
4656,1,4241,-3.98488,1.22579
4657,1,4242,-3.98488,1.22579
4658,1,4243,-3.98488,1.22579
4659,1,4244,-3.98488,1.22579
4660,1,4245,-3.98488,1.22579
4661,1,4246,-3.98488,1.22579
4662,1,4247,-3.98488,1.22579
4663,1,4248,-3.98488,1.22579
4664,1,4249,-3.98488,1.22579
4665,1,4250,-3.98488,1.22579
4666,1,4251,-3.98488,1.22579
4667,1,4252,-3.98488,1.22579
4668,1,4253,-3.98488,1.22579
4669,1,4254,-3.98488,1.22579
4670,1,4255,-3.98488,1.22579
4671,1,4256,-3.98488,1.22579
4672,1,4257,-3.98488,1.22579
4673,1,4258,-3.98488,1.22579
4674,1,4259,-3.98488,1.22579
4675,1,4260,-3.98488,1.22579
4676,1,4261,-3.98488,1.22579
4677,1,4262,-3.98488,1.22579
4678,1,4263,-3.98488,1.22579
4679,1,4264,-3.98488,1.22579
4680,1,4265,-3.98488,1.22579
4681,1,4266,-3.98488,1.22579
4682,1,4267,-3.98488,1.22579
4683,1,4268,-3.98488,1.22579
4684,1,4269,-3.98488,1.22579
4685,1,4270,-3.98488,1.22579
4686,1,4271,-3.98488,1.22579
4687,1,4272,-3.98488,1.22579
4688,1,4273,-3.98488,1.22579
4689,1,4274,-3.98488,1.22579
4690,1,4275,-3.98488,1.22579
4691,1,4276,-3.98488,1.22579
4692,1,4277,-3.98488,1.22579
4693,1,4278,-3.98488,1.22579
4694,1,4279,-3.98488,1.22579
4695,1,4280,-3.98488,1.22579
4696,1,4281,-3.98488,1.22579
4697,1,4282,-3.98488,1.22579
4698,1,4283,-3.98488,1.22579
4699,1,4284,-3.98488,1.22579
4700,1,4285,-3.98488,1.22579
4701,1,4286,-3.98488,1.22579
4702,1,4287,-3.98488,1.22579
4703,1,4288,-3.98488,1.22579
4704,1,4289,-3.98488,1.22579
4705,1,4290,-3.98488,1.22579
4706,1,4291,-3.98488,1.22579
4707,1,4292,-3.98488,1.22579
4708,1,4293,-3.98488,1.22579
4709,1,4294,-3.98488,1.22579
4710,1,4295,-3.98488,1.22579
4711,1,4296,-3.98488,1.22579
4712,1,4297,-3.98488,1.22579
4713,1,4298,-3.98488,1.22579
4714,1,4299,-3.98488,1.22579
4715,1,4300,-3.98488,1.22579
4716,1,4301,-3.98488,1.22579
4717,1,4302,-3.98488,1.22579
4718,1,4303,-3.98488,1.22579
4719,1,4304,-3.98488,1.22579
4720,1,4305,-3.98488,1.22579
4721,1,4306,-3.98488,1.22579
4722,1,4307,-3.98488,1.22579
4723,1,4308,-3.98488,1.22579
4724,1,4309,-3.98488,1.22579
4725,1,4310,-3.98488,1.22579
4726,1,4311,-3.98488,1.22579
4727,1,4312,-3.98488,1.22579
4728,1,4313,-3.98488,1.22579
4729,1,4314,-3.98488,1.22579
4730,1,4315,-3.98488,1.22579
4731,1,4316,-3.98488,1.22579
4732,1,4317,-3.98488,1.22579
4733,1,4318,-3.98488,1.22579
4734,1,4319,-3.98488,1.22579
4735,1,4320,-3.98488,1.22579
4736,1,4321,-3.98488,1.22579
4737,1,4322,-3.98488,1.22579
4738,1,4323,-3.98488,1.22579
4739,1,4324,-3.98488,1.22579
4740,1,4325,-3.98488,1.22579
4741,1,4326,-3.98488,1.22579
4742,1,4327,-3.98488,1.22579
4743,1,4328,-3.98488,1.22579
4744,1,4329,-3.98488,1.22579
4745,1,4330,-3.98488,1.22579
4746,1,4331,-3.98488,1.22579
4747,1,4332,-3.98488,1.22579
4748,1,4333,-3.98488,1.22579
4749,1,4334,-3.98488,1.22579
4750,1,4335,-3.98488,1.22579
4751,1,4336,-3.98488,1.22579
4752,1,4337,-3.98488,1.22579
4753,1,4338,-3.98488,1.22579
4754,1,4339,-3.98488,1.22579
4755,1,4340,-3.98488,1.22579
4756,1,4341,-3.98488,1.22579
4757,1,4342,-3.98488,1.2258
4758,1,4343,-3.98488,1.2258
4759,1,4344,-3.98488,1.2258
4760,1,4345,-3.98488,1.2258
4761,1,4346,-3.98488,1.2258
4762,1,4347,-3.98488,1.2258
4763,1,4348,-3.98488,1.2258
4764,1,4349,-3.98488,1.2258
4765,1,4350,-3.98488,1.2258
4766,1,4351,-3.98488,1.2258
4767,1,4352,-3.98488,1.2258
4768,1,4353,-3.98488,1.2258
4769,1,4354,-3.98488,1.2258
4770,1,4355,-3.98488,1.2258
4771,1,4356,-3.98488,1.2258
4772,1,4357,-3.98488,1.2258
4773,1,4358,-3.98488,1.2258
4774,1,4359,-3.98488,1.2258
4775,1,4360,-3.98488,1.2258
4776,1,4361,-3.98488,1.2258
4777,1,4362,-3.98488,1.2258
4778,1,4363,-3.98488,1.2258
4779,1,4364,-3.98488,1.2258
4780,1,4365,-3.98488,1.2258
4781,1,4366,-3.98488,1.2258
4782,1,4367,-3.98488,1.2258
4783,1,4368,-3.98488,1.2258
4784,1,4369,-3.98488,1.22579
4785,1,4370,-3.98488,1.22579
4786,1,4371,-3.98488,1.22579
4787,1,4372,-3.98488,1.22579
4788,1,4373,-3.98488,1.22579
4789,1,4374,-3.98488,1.22579
4790,1,4375,-3.98488,1.22579
4791,1,4376,-3.98488,1.22579
4792,1,4377,-3.98488,1.22579
4793,1,4378,-3.98488,1.22579
4794,1,4379,-3.98488,1.22579
4795,1,4380,-3.98488,1.22579
4796,1,4381,-3.98488,1.22579
4797,1,4382,-3.98488,1.22579
4798,1,4383,-3.98488,1.22579
4799,1,4384,-3.98488,1.22579
4800,1,4385,-3.98488,1.22579
4801,1,4386,-3.98488,1.22579
4802,1,4387,-3.98488,1.22579
4803,1,4388,-3.98488,1.22579
4804,1,4389,-3.98488,1.22579
4805,1,4390,-3.98488,1.22579
4806,1,4391,-3.98488,1.22579
4807,1,4392,-3.98488,1.22579
4808,1,4393,-3.98488,1.22579
4809,1,4394,-3.98488,1.22579
4810,1,4395,-3.98488,1.22579
4811,1,4396,-3.98488,1.22579
4812,1,4397,-3.98488,1.22579
4813,1,4398,-3.98488,1.22579
4814,1,4399,-3.98488,1.22579
4815,1,4400,-3.98488,1.22579
4816,1,4401,-3.98488,1.22579
4817,1,4402,-3.98488,1.22579
4818,1,4403,-3.98487,1.22579
4819,1,4404,-3.98487,1.22579
4820,1,4405,-3.98487,1.22579
4821,1,4406,-3.98487,1.22579
4822,1,4407,-3.98487,1.22579
4823,1,4408,-3.98487,1.22579
4824,1,4409,-3.98487,1.22579
4825,1,4410,-3.98488,1.22578
4826,1,4411,-3.98488,1.22578
4827,1,4412,-3.98488,1.22578
4828,1,4413,-3.98488,1.22578
4829,1,4414,-3.98488,1.22578
4830,1,4415,-3.98488,1.22578
4831,1,4416,-3.98488,1.22578
4832,1,4417,-3.98488,1.22578
4833,1,4418,-3.98488,1.22578
4834,1,4419,-3.98488,1.22578
4835,1,4420,-3.98488,1.22578
4836,1,4421,-3.98488,1.22578
4837,1,4422,-3.98488,1.22578
4838,1,4423,-3.98488,1.22578
4839,1,4424,-3.98488,1.22578
4840,1,4425,-3.98488,1.22578
4841,1,4426,-3.98488,1.22578
4842,1,4427,-3.98488,1.22578
4843,1,4428,-3.98488,1.22578
4844,1,4429,-3.98488,1.22578
4845,1,4430,-3.98488,1.22578
4846,1,4431,-3.98488,1.22578
4847,1,4432,-3.98488,1.22578
4848,1,4433,-3.98488,1.22578
4849,1,4434,-3.98488,1.22578
4850,1,4435,-3.98488,1.22579
4851,1,4436,-3.98488,1.22579
4852,1,4437,-3.98488,1.22579
4853,1,4438,-3.98488,1.22579
4854,1,4439,-3.98488,1.22579
4855,1,4440,-3.98488,1.22579
4856,1,4441,-3.98488,1.22579
4857,1,4442,-3.98488,1.22579
4858,1,4443,-3.98488,1.22579
4859,1,4444,-3.98488,1.22579
4860,1,4445,-3.98488,1.22579
4861,1,4446,-3.98488,1.22579
4862,1,4447,-3.98488,1.22579
4863,1,4448,-3.98488,1.22579
4864,1,4449,-3.98488,1.22579
4865,1,4450,-3.98488,1.22579
4866,1,4451,-3.98488,1.22579
4867,1,4452,-3.98489,1.22578
4868,1,4453,-3.98489,1.22578
4869,1,4454,-3.98489,1.22578
4870,1,4455,-3.98489,1.22578
4871,1,4456,-3.98489,1.22578
4872,1,4457,-3.98489,1.22578
4873,1,4458,-3.98489,1.22578
4874,1,4459,-3.98489,1.22578
4875,1,4460,-3.98489,1.22578
4876,1,4461,-3.98489,1.22578
4877,1,4462,-3.98489,1.22578
4878,1,4463,-3.98489,1.22578
4879,1,4464,-3.98489,1.22578
4880,1,4465,-3.98489,1.22578
4881,1,4466,-3.98489,1.22578
4882,1,4467,-3.98489,1.22578
4883,1,4468,-3.98489,1.22578
4884,1,4469,-3.98489,1.22578
4885,1,4470,-3.98489,1.22578
4886,1,4471,-3.98489,1.22578
4887,1,4472,-3.98489,1.22578
4888,1,4473,-3.98489,1.22578
4889,1,4474,-3.98489,1.22578
4890,1,4475,-3.98489,1.22578
4891,1,4476,-3.98489,1.22578
4892,1,4477,-3.98489,1.22578
4893,1,4478,-3.98489,1.22578
4894,1,4479,-3.98489,1.22578
4895,1,4480,-3.98489,1.22578
4896,1,4481,-3.98489,1.22578
4897,1,4482,-3.98489,1.22578
4898,1,4483,-3.98489,1.22578
4899,1,4484,-3.98489,1.22578
4900,1,4485,-3.98489,1.22578
4901,1,4486,-3.98489,1.22578
4902,1,4487,-3.98489,1.22578
4903,1,4488,-3.98489,1.22578
4904,1,4489,-3.98489,1.22578
4905,1,4490,-3.98489,1.22578
4906,1,4491,-3.98489,1.22578
4907,1,4492,-3.98489,1.22578
4908,1,4493,-3.98489,1.22578
4909,1,4494,-3.98489,1.22578
4910,1,4495,-3.98489,1.22578
4911,1,4496,-3.98489,1.22578
4912,1,4497,-3.98489,1.22578
4913,1,4498,-3.98489,1.22578
4914,1,4499,-3.9849,1.22579
4915,1,4500,-3.9849,1.22579
4916,1,4501,-3.9849,1.22579
4917,1,4502,-3.9849,1.22579
4918,1,4503,-3.9849,1.22579
4919,1,4504,-3.9849,1.22579
4920,1,4505,-3.9849,1.22579
4921,1,4506,-3.9849,1.22579
4922,1,4507,-3.9849,1.22579
4923,1,4508,-3.9849,1.22579
4924,1,4509,-3.9849,1.22579
4925,1,4510,-3.9849,1.22579
4926,1,4511,-3.9849,1.22579
4927,1,4512,-3.9849,1.22579
4928,1,4513,-3.9849,1.22579
4929,1,4514,-3.9849,1.22579
4930,1,4515,-3.9849,1.22579
4931,1,4516,-3.9849,1.22579
4932,1,4517,-3.9849,1.22579
4933,1,4518,-3.9849,1.22579
4934,1,4519,-3.9849,1.22579
4935,1,4520,-3.9849,1.22579
4936,1,4521,-3.9849,1.22579
4937,1,4522,-3.9849,1.22579
4938,1,4523,-3.9849,1.22579
4939,1,4524,-3.9849,1.22579
4940,1,4525,-3.9849,1.22579
4941,1,4526,-3.9849,1.22579
4942,1,4527,-3.9849,1.22579
4943,1,4528,-3.9849,1.22579
4944,1,4529,-3.9849,1.22579
4945,1,4530,-3.9849,1.22579
4946,1,4531,-3.9849,1.22579
4947,1,4532,-3.9849,1.22579
4948,1,4533,-3.9849,1.22579
4949,1,4534,-3.9849,1.22579
4950,1,4535,-3.9849,1.22579
4951,1,4536,-3.9849,1.22579
4952,1,4537,-3.9849,1.22579
4953,1,4538,-3.9849,1.22579
4954,1,4539,-3.9849,1.22579
4955,1,4540,-3.9849,1.22579
4956,1,4541,-3.9849,1.22579
4957,1,4542,-3.9849,1.22579
4958,1,4543,-3.9849,1.22579
4959,1,4544,-3.9849,1.22579
4960,1,4545,-3.9849,1.22579
4961,1,4546,-3.9849,1.22579
4962,1,4547,-3.9849,1.22579
4963,1,4548,-3.9849,1.22579
4964,1,4549,-3.9849,1.22579
4965,1,4550,-3.9849,1.22579
4966,1,4551,-3.9849,1.22579
4967,1,4552,-3.9849,1.22579
4968,1,4553,-3.9849,1.2258
4969,1,4554,-3.9849,1.2258
4970,1,4555,-3.9849,1.2258
4971,1,4556,-3.9849,1.2258
4972,1,4557,-3.9849,1.2258
4973,1,4558,-3.9849,1.2258
4974,1,4559,-3.9849,1.2258
4975,1,4560,-3.9849,1.2258
4976,1,4561,-3.9849,1.2258
4977,1,4562,-3.9849,1.2258
4978,1,4563,-3.9849,1.2258
4979,1,4564,-3.9849,1.2258
4980,1,4565,-3.9849,1.2258
4981,1,4566,-3.98489,1.22581
4982,1,4567,-3.98489,1.22581
4983,1,4568,-3.98489,1.22581
4984,1,4569,-3.98489,1.22581
4985,1,4570,-3.98489,1.22581
4986,1,4571,-3.98489,1.22582
4987,1,4572,-3.98489,1.22582
4988,1,4573,-3.98489,1.22582
4989,1,4574,-3.98489,1.22582
4990,1,4575,-3.98489,1.22582
4991,1,4576,-3.98489,1.22582
4992,1,4577,-3.98489,1.22582
4993,1,4578,-3.9849,1.22582
4994,1,4579,-3.9849,1.22582
4995,1,4580,-3.9849,1.22582
4996,1,4581,-3.9849,1.22582
4997,1,4582,-3.9849,1.22582
4998,1,4583,-3.9849,1.22582
4999,1,4584,-3.9849,1.22582
5000,1,4585,-3.9849,1.22582
5001,1,4586,-3.9849,1.22582
5002,1,4587,-3.9849,1.22582
5003,1,4588,-3.9849,1.22582
5004,1,4589,-3.9849,1.22582
5005,1,4590,-3.9849,1.22582
5006,1,4591,-3.9849,1.22582
5007,1,4592,-3.9849,1.22582
5008,1,4593,-3.9849,1.22582
5009,1,4594,-3.9849,1.22582
5010,1,4595,-3.9849,1.22582
5011,1,4596,-3.9849,1.22582
5012,1,4597,-3.9849,1.22582
5013,1,4598,-3.9849,1.22582
5014,1,4599,-3.9849,1.22582
5015,1,4600,-3.9849,1.22582
5016,1,4601,-3.9849,1.22582
5017,1,4602,-3.9849,1.22582
5018,1,4603,-3.9849,1.22582
5019,1,4604,-3.9849,1.22582
5020,1,4605,-3.98489,1.22581
5021,1,4606,-3.98489,1.22581
5022,1,4607,-3.98489,1.22582
5023,1,4608,-3.98489,1.22582
5024,1,4609,-3.98489,1.22582
5025,1,4610,-3.98489,1.22582
5026,1,4611,-3.98489,1.22582
5027,1,4612,-3.98489,1.22582
5028,1,4613,-3.98489,1.22582
5029,1,4614,-3.98489,1.22582
5030,1,4615,-3.98489,1.22582
5031,1,4616,-3.98489,1.22582
5032,1,4617,-3.98489,1.22582
5033,1,4618,-3.98489,1.22582
5034,1,4619,-3.98489,1.22582
5035,1,4620,-3.98489,1.22582
5036,1,4621,-3.98489,1.22582
5037,1,4622,-3.98489,1.22582
5038,1,4623,-3.98489,1.22582
5039,1,4624,-3.98489,1.22582
5040,1,4625,-3.98488,1.22582
5041,1,4626,-3.98488,1.22582
5042,1,4627,-3.98488,1.22582
5043,1,4628,-3.98488,1.22582
5044,1,4629,-3.98488,1.22582
5045,1,4630,-3.98488,1.22582
5046,1,4631,-3.98488,1.22582
5047,1,4632,-3.98488,1.22582
5048,1,4633,-3.98488,1.22582
5049,1,4634,-3.98488,1.22582
5050,1,4635,-3.98488,1.22582
5051,1,4636,-3.98488,1.22582
5052,1,4637,-3.98488,1.22582
5053,1,4638,-3.98488,1.22582
5054,1,4639,-3.98488,1.22582
5055,1,4640,-3.98488,1.22582
5056,1,4641,-3.98488,1.22582
5057,1,4642,-3.98488,1.22582
5058,1,4643,-3.98488,1.22582
5059,1,4644,-3.98488,1.22582
5060,1,4645,-3.98489,1.22581
5061,1,4646,-3.98489,1.22581
5062,1,4647,-3.98488,1.22581
5063,1,4648,-3.98488,1.22581
5064,1,4649,-3.98488,1.22581
5065,1,4650,-3.98488,1.22581
5066,1,4651,-3.98488,1.22581
5067,1,4652,-3.98488,1.22581
5068,1,4653,-3.98488,1.22581
5069,1,4654,-3.98488,1.22581
5070,1,4655,-3.98488,1.22581
5071,1,4656,-3.98488,1.22581
5072,1,4657,-3.98488,1.22582
5073,1,4658,-3.98488,1.22582
5074,1,4659,-3.98488,1.22582
5075,1,4660,-3.98488,1.22582
5076,1,4661,-3.98488,1.22582
5077,1,4662,-3.9849,1.22581
5078,1,4663,-3.9849,1.22581
5079,1,4664,-3.9849,1.22581
5080,1,4665,-3.9849,1.22581
5081,1,4666,-3.9849,1.22581
5082,1,4667,-3.9849,1.22581
5083,1,4668,-3.9849,1.22581
5084,1,4669,-3.9849,1.22581
5085,1,4670,-3.9849,1.22581
5086,1,4671,-3.9849,1.22581
5087,1,4672,-3.9849,1.22581
5088,1,4673,-3.9849,1.22581
5089,1,4674,-3.9849,1.22581
5090,1,4675,-3.98489,1.22583
5091,1,4676,-3.98489,1.22583
5092,1,4677,-3.98489,1.22583
5093,1,4678,-3.98489,1.22583
5094,1,4679,-3.98489,1.22583
5095,1,4680,-3.98489,1.22583
5096,1,4681,-3.98489,1.22583
5097,1,4682,-3.98489,1.22583
5098,1,4683,-3.98489,1.22583
5099,1,4684,-3.98489,1.22583
5100,1,4685,-3.98489,1.22583
5101,1,4686,-3.98489,1.22583
5102,1,4687,-3.98489,1.22583
5103,1,4688,-3.98489,1.22583
5104,1,4689,-3.98489,1.22583
5105,1,4690,-3.98489,1.22583
5106,1,4691,-3.98489,1.22583
5107,1,4692,-3.98489,1.22583
5108,1,4693,-3.98489,1.22583
5109,1,4694,-3.98489,1.22583
5110,1,4695,-3.98489,1.22583
5111,1,4696,-3.98489,1.22583
5112,1,4697,-3.98489,1.22583
5113,1,4698,-3.98489,1.22583
5114,1,4699,-3.98489,1.22583
5115,1,4700,-3.98489,1.22583
5116,1,4701,-3.98489,1.22583
5117,1,4702,-3.98489,1.22583
5118,1,4703,-3.98489,1.22583
5119,1,4704,-3.98489,1.22583
5120,1,4705,-3.98489,1.22583
5121,1,4706,-3.98489,1.22583
5122,1,4707,-3.98489,1.22583
5123,1,4708,-3.98489,1.22583
5124,1,4709,-3.98489,1.22583
5125,1,4710,-3.98489,1.22583
5126,1,4711,-3.98489,1.22583
5127,1,4712,-3.98489,1.22583
5128,1,4713,-3.98489,1.22583
5129,1,4714,-3.98489,1.22583
5130,1,4715,-3.98489,1.22583
5131,1,4716,-3.98489,1.22583
5132,1,4717,-3.98489,1.22583
5133,1,4718,-3.98489,1.22583
5134,1,4719,-3.98489,1.22583
5135,1,4720,-3.98489,1.22583
5136,1,4721,-3.98489,1.22583
5137,1,4722,-3.98489,1.22583
5138,1,4723,-3.98489,1.22583
5139,1,4724,-3.98489,1.22583
5140,1,4725,-3.98489,1.22583
5141,1,4726,-3.98489,1.22583
5142,1,4727,-3.98489,1.22583
5143,1,4728,-3.98489,1.22583
5144,1,4729,-3.98488,1.22585
5145,1,4730,-3.98488,1.22585
5146,1,4731,-3.98488,1.22585
5147,1,4732,-3.98488,1.22585
5148,1,4733,-3.98488,1.22585
5149,1,4734,-3.98488,1.22585
5150,1,4735,-3.98488,1.22585
5151,1,4736,-3.98488,1.22585
5152,1,4737,-3.98488,1.22585
5153,1,4738,-3.98488,1.22585
5154,1,4739,-3.98488,1.22585
5155,1,4740,-3.98488,1.22585
5156,1,4741,-3.98488,1.22585
5157,1,4742,-3.98488,1.22585
5158,1,4743,-3.98488,1.22585
5159,1,4744,-3.98488,1.22585
5160,1,4745,-3.98488,1.22585
5161,1,4746,-3.98488,1.22585
5162,1,4747,-3.98488,1.22585
5163,1,4748,-3.98488,1.22585
5164,1,4749,-3.98488,1.22585
5165,1,4750,-3.98488,1.22585
5166,1,4751,-3.98488,1.22585
5167,1,4752,-3.98488,1.22585
5168,1,4753,-3.98488,1.22585
5169,1,4754,-3.98488,1.22585
5170,1,4755,-3.98488,1.22585
5171,1,4756,-3.98488,1.22585
5172,1,4757,-3.98488,1.22585
5173,1,4758,-3.98488,1.22585
5174,1,4759,-3.98488,1.22585
5175,1,4760,-3.98488,1.22585
5176,1,4761,-3.98488,1.22585
5177,1,4762,-3.98488,1.22585
5178,1,4763,-3.98488,1.22585
5179,1,4764,-3.98488,1.22585
5180,1,4765,-3.98488,1.22585
5181,1,4766,-3.98488,1.22585
5182,1,4767,-3.98488,1.22585
5183,1,4768,-3.98488,1.22585
5184,1,4769,-3.98488,1.22585
5185,1,4770,-3.98488,1.22585
5186,1,4771,-3.98488,1.22585
5187,1,4772,-3.98488,1.22585
5188,1,4773,-3.98488,1.22585
5189,1,4774,-3.98488,1.22585
5190,1,4775,-3.98488,1.22585
5191,1,4776,-3.98488,1.22585
5192,1,4777,-3.98488,1.22585
5193,1,4778,-3.98488,1.22585
5194,1,4779,-3.98488,1.22585
5195,1,4780,-3.98488,1.22585
5196,1,4781,-3.98488,1.22585
5197,1,4782,-3.98488,1.22585
5198,1,4783,-3.98488,1.22585
5199,1,4784,-3.98488,1.22585
5200,1,4785,-3.98488,1.22585
5201,1,4786,-3.98488,1.22585
5202,1,4787,-3.98488,1.22585
5203,1,4788,-3.98488,1.22585
5204,1,4789,-3.98488,1.22585
5205,1,4790,-3.98488,1.22585
5206,1,4791,-3.98488,1.22585
5207,1,4792,-3.98488,1.22585
5208,1,4793,-3.98488,1.22585
5209,1,4794,-3.98488,1.22585
5210,1,4795,-3.98488,1.22585
5211,1,4796,-3.98488,1.22585
5212,1,4797,-3.98488,1.22585
5213,1,4798,-3.98488,1.22585
5214,1,4799,-3.98488,1.22585
5215,1,4800,-3.98488,1.22585
5216,1,4801,-3.98488,1.22585
5217,1,4802,-3.98488,1.22585
5218,1,4803,-3.98488,1.22585
5219,1,4804,-3.98488,1.22585
5220,1,4805,-3.98488,1.22585
5221,1,4806,-3.98488,1.22585
5222,1,4807,-3.98488,1.22585
5223,1,4808,-3.98488,1.22585
5224,1,4809,-3.98488,1.22585
5225,1,4810,-3.98488,1.22585
5226,1,4811,-3.98488,1.22585
5227,1,4812,-3.98488,1.22585
5228,1,4813,-3.98488,1.22585
5229,1,4814,-3.98488,1.22585
5230,1,4815,-3.98488,1.22585
5231,1,4816,-3.98488,1.22585
5232,1,4817,-3.98488,1.22585
5233,1,4818,-3.98488,1.22585
5234,1,4819,-3.98488,1.22585
5235,1,4820,-3.98488,1.22585
5236,1,4821,-3.98488,1.22585
5237,1,4822,-3.98488,1.22585
5238,1,4823,-3.98488,1.22585
5239,1,4824,-3.98488,1.22585
5240,1,4825,-3.98488,1.22585
5241,1,4826,-3.98488,1.22585
5242,1,4827,-3.98488,1.22585
5243,1,4828,-3.98487,1.22585
5244,1,4829,-3.98487,1.22585
5245,1,4830,-3.98487,1.22585
5246,1,4831,-3.98487,1.22585
5247,1,4832,-3.98487,1.22585
5248,1,4833,-3.98487,1.22585
5249,1,4834,-3.98487,1.22585
5250,1,4835,-3.98487,1.22585
5251,1,4836,-3.98487,1.22585
5252,1,4837,-3.98487,1.22585
5253,1,4838,-3.98487,1.22585
5254,1,4839,-3.98487,1.22585
5255,1,4840,-3.98487,1.22585
5256,1,4841,-3.98487,1.22585
5257,1,4842,-3.98487,1.22585
5258,1,4843,-3.98487,1.22585
5259,1,4844,-3.98487,1.22585
5260,1,4845,-3.98487,1.22585
5261,1,4846,-3.98487,1.22585
5262,1,4847,-3.98487,1.22585
5263,1,4848,-3.98487,1.22585
5264,1,4849,-3.98487,1.22585
5265,1,4850,-3.98487,1.22585
5266,1,4851,-3.98487,1.22585
5267,1,4852,-3.98487,1.22585
5268,1,4853,-3.98487,1.22586
5269,1,4854,-3.98487,1.22586
5270,1,4855,-3.98487,1.22586
5271,1,4856,-3.98487,1.22586
5272,1,4857,-3.98487,1.22586
5273,1,4858,-3.98487,1.22586
5274,1,4859,-3.98487,1.22586
5275,1,4860,-3.98487,1.22586
5276,1,4861,-3.98487,1.22586
5277,1,4862,-3.98487,1.22586
5278,1,4863,-3.98486,1.22586
5279,1,4864,-3.98486,1.22586
5280,1,4865,-3.98486,1.22586
5281,1,4866,-3.98486,1.22586
5282,1,4867,-3.98486,1.22586
5283,1,4868,-3.98486,1.22586
5284,1,4869,-3.98486,1.22586
5285,1,4870,-3.98486,1.22586
5286,1,4871,-3.98486,1.22586
5287,1,4872,-3.98486,1.22586
5288,1,4873,-3.98486,1.22586
5289,1,4874,-3.98486,1.22586
5290,1,4875,-3.98486,1.22586
5291,1,4876,-3.98486,1.22586
5292,1,4877,-3.98486,1.22586
5293,1,4878,-3.98486,1.22586
5294,1,4879,-3.98486,1.22586
5295,1,4880,-3.98486,1.22586
5296,1,4881,-3.98486,1.22586
5297,1,4882,-3.98486,1.22586
5298,1,4883,-3.98486,1.22586
5299,1,4884,-3.98486,1.22586
5300,1,4885,-3.98486,1.22586
5301,1,4886,-3.98486,1.22586
5302,1,4887,-3.98486,1.22586
5303,1,4888,-3.98486,1.22586
5304,1,4889,-3.98486,1.22586
5305,1,4890,-3.98486,1.22586
5306,1,4891,-3.98486,1.22586
5307,1,4892,-3.98486,1.22586
5308,1,4893,-3.98486,1.22586
5309,1,4894,-3.98486,1.22586
5310,1,4895,-3.98486,1.22586
5311,1,4896,-3.98486,1.22586
5312,1,4897,-3.98486,1.22586
5313,1,4898,-3.98486,1.22586
5314,1,4899,-3.98486,1.22586
5315,1,4900,-3.98486,1.22586
5316,1,4901,-3.98486,1.22586
5317,1,4902,-3.98486,1.22586
5318,1,4903,-3.98486,1.22586
5319,1,4904,-3.98487,1.22586
5320,1,4905,-3.98487,1.22586
5321,1,4906,-3.98487,1.22586
5322,1,4907,-3.98487,1.22586
5323,1,4908,-3.98487,1.22586
5324,1,4909,-3.98487,1.22586
5325,1,4910,-3.98487,1.22586
5326,1,4911,-3.98487,1.22586
5327,1,4912,-3.98487,1.22586
5328,1,4913,-3.98487,1.22586
5329,1,4914,-3.98487,1.22586
5330,1,4915,-3.98487,1.22586
5331,1,4916,-3.98487,1.22586
5332,1,4917,-3.98487,1.22586
5333,1,4918,-3.98487,1.22586
5334,1,4919,-3.98487,1.22586
5335,1,4920,-3.98487,1.22586
5336,1,4921,-3.98487,1.22586
5337,1,4922,-3.98487,1.22586
5338,1,4923,-3.98487,1.22586
5339,1,4924,-3.98487,1.22586
5340,1,4925,-3.98487,1.22586
5341,1,4926,-3.98487,1.22586
5342,1,4927,-3.98487,1.22586
5343,1,4928,-3.98487,1.22586
5344,1,4929,-3.98487,1.22586
5345,1,4930,-3.98487,1.22586
5346,1,4931,-3.98487,1.22586
5347,1,4932,-3.98487,1.22586
5348,1,4933,-3.98487,1.22586
5349,1,4934,-3.98487,1.22586
5350,1,4935,-3.98487,1.22586
5351,1,4936,-3.98487,1.22586
5352,1,4937,-3.98487,1.22586
5353,1,4938,-3.98487,1.22586
5354,1,4939,-3.98487,1.22586
5355,1,4940,-3.98487,1.22586
5356,1,4941,-3.98487,1.22586
5357,1,4942,-3.98487,1.22587
5358,1,4943,-3.98487,1.22587
5359,1,4944,-3.98487,1.22587
5360,1,4945,-3.98487,1.22587
5361,1,4946,-3.98487,1.22587
5362,1,4947,-3.98487,1.22587
5363,1,4948,-3.98487,1.22587
5364,1,4949,-3.98487,1.22587
5365,1,4950,-3.98487,1.22587
5366,1,4951,-3.98487,1.22587
5367,1,4952,-3.98487,1.22587
5368,1,4953,-3.98487,1.22587
5369,1,4954,-3.98487,1.22587
5370,1,4955,-3.98487,1.22587
5371,1,4956,-3.98487,1.22587
5372,1,4957,-3.98487,1.22587
5373,1,4958,-3.98487,1.22587
5374,1,4959,-3.98487,1.22587
5375,1,4960,-3.98487,1.22587
5376,1,4961,-3.98488,1.22587
5377,1,4962,-3.98488,1.22587
5378,1,4963,-3.98488,1.22587
5379,1,4964,-3.98488,1.22587
5380,1,4965,-3.98488,1.22587
5381,1,4966,-3.98488,1.22587
5382,1,4967,-3.98488,1.22587
5383,1,4968,-3.98488,1.22587
5384,1,4969,-3.98488,1.22587
5385,1,4970,-3.98488,1.22587
5386,1,4971,-3.98488,1.22587
5387,1,4972,-3.98488,1.22587
5388,1,4973,-3.98488,1.22587
5389,1,4974,-3.98488,1.22587
5390,1,4975,-3.98488,1.22587
5391,1,4976,-3.98488,1.22587
5392,1,4977,-3.98488,1.22587
5393,1,4978,-3.98488,1.22587
5394,1,4979,-3.98488,1.22587
5395,1,4980,-3.98488,1.22586
5396,1,4981,-3.98488,1.22586
5397,1,4982,-3.98488,1.22586
5398,1,4983,-3.98488,1.22586
5399,1,4984,-3.98488,1.22586
5400,1,4985,-3.98488,1.22586
5401,1,4986,-3.98488,1.22586
5402,1,4987,-3.98488,1.22586
5403,1,4988,-3.98488,1.22586
5404,1,4989,-3.98488,1.22586
5405,1,4990,-3.98488,1.22586
5406,1,4991,-3.98488,1.22586
5407,1,4992,-3.98488,1.22586
5408,1,4993,-3.98488,1.22586
5409,1,4994,-3.98488,1.22586
5410,1,4995,-3.98488,1.22586
5411,1,4996,-3.98488,1.22586
5412,1,4997,-3.98488,1.22586
5413,1,4998,-3.98488,1.22586
5414,1,4999,-3.98488,1.22586
5415,1,5000,-3.98488,1.22586
5416,1,5001,-3.98488,1.22586
5417,1,5002,-3.98488,1.22586
5418,1,5003,-3.98488,1.22586
5419,1,5004,-3.98488,1.22586
5420,1,5005,-3.98488,1.22586
5421,1,5006,-3.98488,1.22586
5422,1,5007,-3.98488,1.22586
5423,1,5008,-3.98488,1.22586
5424,1,5009,-3.98487,1.22587
5425,1,5010,-3.98487,1.22587
5426,1,5011,-3.98487,1.22587
5427,1,5012,-3.98487,1.22587
5428,1,5013,-3.98487,1.22587
5429,1,5014,-3.98487,1.22587
5430,1,5015,-3.98487,1.22587
5431,1,5016,-3.98487,1.22587
5432,1,5017,-3.98487,1.22587
5433,1,5018,-3.98487,1.22587
5434,1,5019,-3.98487,1.22587
5435,1,5020,-3.98487,1.22587
5436,1,5021,-3.98487,1.22587
5437,1,5022,-3.98487,1.22587
5438,1,5023,-3.98487,1.22587
5439,1,5024,-3.98487,1.22587
5440,1,5025,-3.98487,1.22587
5441,1,5026,-3.98487,1.22587
5442,1,5027,-3.98487,1.22587
5443,1,5028,-3.98487,1.22587
5444,1,5029,-3.98487,1.22587
5445,1,5030,-3.98487,1.22587
5446,1,5031,-3.98487,1.22587
5447,1,5032,-3.98487,1.22587
5448,1,5033,-3.98487,1.22587
5449,1,5034,-3.98487,1.22587
5450,1,5035,-3.98487,1.22587
5451,1,5036,-3.98487,1.22587
5452,1,5037,-3.98487,1.22587
5453,1,5038,-3.98487,1.22587
5454,1,5039,-3.98487,1.22587
5455,1,5040,-3.98487,1.22587
5456,1,5041,-3.98487,1.22587
5457,1,5042,-3.98487,1.22587
5458,1,5043,-3.98487,1.22587
5459,1,5044,-3.98487,1.22587
5460,1,5045,-3.98487,1.22587
5461,1,5046,-3.98487,1.22587
5462,1,5047,-3.98487,1.22587
5463,1,5048,-3.98487,1.22587
5464,1,5049,-3.98487,1.22587
5465,1,5050,-3.98487,1.22587
5466,1,5051,-3.98487,1.22587
5467,1,5052,-3.98487,1.22587
5468,1,5053,-3.98487,1.22587
5469,1,5054,-3.98487,1.22587
5470,1,5055,-3.98487,1.22588
5471,1,5056,-3.98487,1.22588
5472,1,5057,-3.98487,1.22588
5473,1,5058,-3.98487,1.22588
5474,1,5059,-3.98487,1.22588
5475,1,5060,-3.98487,1.22588
5476,1,5061,-3.98487,1.22588
5477,1,5062,-3.98487,1.22588
5478,1,5063,-3.98487,1.22588
5479,1,5064,-3.98487,1.22588
5480,1,5065,-3.98487,1.22588
5481,1,5066,-3.98487,1.22588
5482,1,5067,-3.98487,1.22588
5483,1,5068,-3.98487,1.22588
5484,1,5069,-3.98487,1.22588
5485,1,5070,-3.98487,1.22588
5486,1,5071,-3.98487,1.22588
5487,1,5072,-3.98487,1.22588
5488,1,5073,-3.98487,1.22588
5489,1,5074,-3.98487,1.22588
5490,1,5075,-3.98487,1.22588
5491,1,5076,-3.98487,1.22588
5492,1,5077,-3.98487,1.22588
5493,1,5078,-3.98487,1.22588
5494,1,5079,-3.98487,1.22588
5495,1,5080,-3.98487,1.22588
5496,1,5081,-3.98487,1.22588
5497,1,5082,-3.98487,1.22588
5498,1,5083,-3.98487,1.22588
5499,1,5084,-3.98487,1.22588
5500,1,5085,-3.98487,1.22588
5501,1,5086,-3.98487,1.22588
5502,1,5087,-3.98487,1.22588
5503,1,5088,-3.98487,1.22588
5504,1,5089,-3.98487,1.22588
5505,1,5090,-3.98487,1.22588
5506,1,5091,-3.98487,1.22588
5507,1,5092,-3.98487,1.22588
5508,1,5093,-3.98487,1.22588
5509,1,5094,-3.98487,1.22588
5510,1,5095,-3.98487,1.22588
5511,1,5096,-3.98487,1.22588
5512,1,5097,-3.98487,1.22588
5513,1,5098,-3.98487,1.22588
5514,1,5099,-3.98487,1.22588
5515,1,5100,-3.98487,1.22588
5516,1,5101,-3.98487,1.22588
5517,1,5102,-3.98487,1.22588
5518,1,5103,-3.98487,1.22588
5519,1,5104,-3.98487,1.22588
5520,1,5105,-3.98487,1.22588
5521,1,5106,-3.98487,1.22588
5522,1,5107,-3.98487,1.22588
5523,1,5108,-3.98487,1.22588
5524,1,5109,-3.98487,1.22588
5525,1,5110,-3.98487,1.22588
5526,1,5111,-3.98487,1.22588
5527,1,5112,-3.98487,1.22588
5528,1,5113,-3.98487,1.22588
5529,1,5114,-3.98487,1.22588
5530,1,5115,-3.98487,1.22588
5531,1,5116,-3.98487,1.22588
5532,1,5117,-3.98487,1.22588
5533,1,5118,-3.98487,1.22588
5534,1,5119,-3.98487,1.22588
5535,1,5120,-3.98487,1.22588
5536,1,5121,-3.98487,1.22588
5537,1,5122,-3.98487,1.22588
5538,1,5123,-3.98487,1.22588
5539,1,5124,-3.98487,1.22588
5540,1,5125,-3.98487,1.22588
5541,1,5126,-3.98487,1.22588
5542,1,5127,-3.98487,1.22588
5543,1,5128,-3.98487,1.22588
5544,1,5129,-3.98487,1.22588
5545,1,5130,-3.98487,1.22588
5546,1,5131,-3.98487,1.22588
5547,1,5132,-3.98487,1.22588
5548,1,5133,-3.98487,1.22588
5549,1,5134,-3.98487,1.22588
5550,1,5135,-3.98487,1.22588
5551,1,5136,-3.98487,1.22588
5552,1,5137,-3.98487,1.22588
5553,1,5138,-3.98487,1.22588
5554,1,5139,-3.98487,1.22588
5555,1,5140,-3.98487,1.22588
5556,1,5141,-3.98487,1.22588
5557,1,5142,-3.98487,1.22588
5558,1,5143,-3.98487,1.22588
5559,1,5144,-3.98487,1.22588
5560,1,5145,-3.98487,1.22588
5561,1,5146,-3.98487,1.22588
5562,1,5147,-3.98487,1.22588
5563,1,5148,-3.98487,1.22588
5564,1,5149,-3.98487,1.22588
5565,1,5150,-3.98487,1.22588
5566,1,5151,-3.98487,1.22588
5567,1,5152,-3.98487,1.22588
5568,1,5153,-3.98487,1.22588
5569,1,5154,-3.98487,1.22588
5570,1,5155,-3.98487,1.22588
5571,1,5156,-3.98487,1.22588
5572,1,5157,-3.98487,1.22588
5573,1,5158,-3.98487,1.22588
5574,1,5159,-3.98487,1.22588
5575,1,5160,-3.98487,1.22588
5576,1,5161,-3.98487,1.22588
5577,1,5162,-3.98487,1.22588
5578,1,5163,-3.98487,1.22589
5579,1,5164,-3.98487,1.22589
5580,1,5165,-3.98487,1.22589
5581,1,5166,-3.98487,1.22589
5582,1,5167,-3.98487,1.22589
5583,1,5168,-3.98487,1.22589
5584,1,5169,-3.98486,1.22589
5585,1,5170,-3.98486,1.22589
5586,1,5171,-3.98486,1.22589
5587,1,5172,-3.98486,1.22589
5588,1,5173,-3.98486,1.22589
5589,1,5174,-3.98486,1.22589
5590,1,5175,-3.98486,1.22589
5591,1,5176,-3.98486,1.22589
5592,1,5177,-3.98486,1.22589
5593,1,5178,-3.98486,1.22589
5594,1,5179,-3.98486,1.22589
5595,1,5180,-3.98486,1.22589
5596,1,5181,-3.98486,1.22589
5597,1,5182,-3.98486,1.22589
5598,1,5183,-3.98486,1.22589
5599,1,5184,-3.98486,1.22589
5600,1,5185,-3.98486,1.22589
5601,1,5186,-3.98486,1.22589
5602,1,5187,-3.98486,1.22589
5603,1,5188,-3.98486,1.22589
5604,1,5189,-3.98486,1.22589
5605,1,5190,-3.98486,1.22589
5606,1,5191,-3.98486,1.22589
5607,1,5192,-3.98486,1.22589
5608,1,5193,-3.98486,1.22589
5609,1,5194,-3.98486,1.22589
5610,1,5195,-3.98486,1.22589
5611,1,5196,-3.98486,1.22589
5612,1,5197,-3.98486,1.22589
5613,1,5198,-3.98486,1.22589
5614,1,5199,-3.98486,1.22589
5615,1,5200,-3.98486,1.22589
5616,1,5201,-3.98486,1.22589
5617,1,5202,-3.98486,1.22589
5618,1,5203,-3.98486,1.22589
5619,1,5204,-3.98486,1.22589
5620,1,5205,-3.98486,1.22589
5621,1,5206,-3.98486,1.22589
5622,1,5207,-3.98486,1.22589
5623,1,5208,-3.98486,1.22589
5624,1,5209,-3.98486,1.22589
5625,1,5210,-3.98486,1.22589
5626,1,5211,-3.98486,1.22589
5627,1,5212,-3.98486,1.22589
5628,1,5213,-3.98486,1.22589
5629,1,5214,-3.98486,1.22589
5630,1,5215,-3.98486,1.22589
5631,1,5216,-3.98486,1.22589
5632,1,5217,-3.98486,1.22589
5633,1,5218,-3.98486,1.22589
5634,1,5219,-3.98486,1.22589
5635,1,5220,-3.98486,1.22589
5636,1,5221,-3.98486,1.22589
5637,1,5222,-3.98486,1.22589
5638,1,5223,-3.98486,1.22589
5639,1,5224,-3.98486,1.22589
5640,1,5225,-3.98486,1.22589
5641,1,5226,-3.98486,1.22589
5642,1,5227,-3.98486,1.22589
5643,1,5228,-3.98486,1.22589
5644,1,5229,-3.98486,1.22589
5645,1,5230,-3.98486,1.22589
5646,1,5231,-3.98486,1.22589
5647,1,5232,-3.98486,1.22589
5648,1,5233,-3.98485,1.22591
5649,1,5234,-3.98485,1.22591
5650,1,5235,-3.98485,1.22591
5651,1,5236,-3.98485,1.22591
5652,1,5237,-3.98485,1.22591
5653,1,5238,-3.98485,1.22591
5654,1,5239,-3.98485,1.22591
5655,1,5240,-3.98485,1.22591
5656,1,5241,-3.98485,1.22591
5657,1,5242,-3.98485,1.22591
5658,1,5243,-3.98485,1.22591
5659,1,5244,-3.98485,1.22591
5660,1,5245,-3.98485,1.22591
5661,1,5246,-3.98485,1.22591
5662,1,5247,-3.98485,1.22591
5663,1,5248,-3.98485,1.22591
5664,1,5249,-3.98485,1.22591
5665,1,5250,-3.98485,1.22591
5666,1,5251,-3.98485,1.22591
5667,1,5252,-3.98485,1.22591
5668,1,5253,-3.98485,1.22591
5669,1,5254,-3.98485,1.22591
5670,1,5255,-3.98485,1.22591
5671,1,5256,-3.98485,1.22591
5672,1,5257,-3.98485,1.22591
5673,1,5258,-3.98485,1.22591
5674,1,5259,-3.98485,1.22591
5675,1,5260,-3.98485,1.22591
5676,1,5261,-3.98485,1.22591
5677,1,5262,-3.98485,1.22591
5678,1,5263,-3.98485,1.22591
5679,1,5264,-3.98485,1.22591
5680,1,5265,-3.98485,1.22591
5681,1,5266,-3.98485,1.22591
5682,1,5267,-3.98485,1.22591
5683,1,5268,-3.98484,1.22591
5684,1,5269,-3.98484,1.22591
5685,1,5270,-3.98485,1.22591
5686,1,5271,-3.98485,1.22591
5687,1,5272,-3.98485,1.22591
5688,1,5273,-3.98485,1.22591
5689,1,5274,-3.98485,1.22591
5690,1,5275,-3.98485,1.22591
5691,1,5276,-3.98485,1.22591
5692,1,5277,-3.98485,1.22591
5693,1,5278,-3.98485,1.22591
5694,1,5279,-3.98485,1.22591
5695,1,5280,-3.98485,1.22591
5696,1,5281,-3.98485,1.22591
5697,1,5282,-3.98485,1.22591
5698,1,5283,-3.98485,1.22591
5699,1,5284,-3.98485,1.22591
5700,1,5285,-3.98485,1.22591
5701,1,5286,-3.98485,1.22591
5702,1,5287,-3.98485,1.22591
5703,1,5288,-3.98485,1.22591
5704,1,5289,-3.98485,1.22591
5705,1,5290,-3.98485,1.22591
5706,1,5291,-3.98485,1.22591
5707,1,5292,-3.98485,1.22591
5708,1,5293,-3.98485,1.22591
5709,1,5294,-3.98485,1.22591
5710,1,5295,-3.98485,1.22591
5711,1,5296,-3.98485,1.22591
5712,1,5297,-3.98485,1.22591
5713,1,5298,-3.98485,1.22591
5714,1,5299,-3.98485,1.22591
5715,1,5300,-3.98485,1.22591
5716,1,5301,-3.98485,1.22591
5717,1,5302,-3.98485,1.22591
5718,1,5303,-3.98485,1.22591
5719,1,5304,-3.98485,1.22591
5720,1,5305,-3.98485,1.22591
5721,1,5306,-3.98485,1.22591
5722,1,5307,-3.98485,1.22591
5723,1,5308,-3.98485,1.22591
5724,1,5309,-3.98485,1.22591
5725,1,5310,-3.98485,1.22591
5726,1,5311,-3.98485,1.22591
5727,1,5312,-3.98485,1.22591
5728,1,5313,-3.98485,1.22591
5729,1,5314,-3.98485,1.22591
5730,1,5315,-3.98485,1.22591
5731,1,5316,-3.98485,1.22591
5732,1,5317,-3.98485,1.22591
5733,1,5318,-3.98485,1.22591
5734,1,5319,-3.98485,1.22591
5735,1,5320,-3.98485,1.22591
5736,1,5321,-3.98485,1.22591
5737,1,5322,-3.98485,1.22591
5738,1,5323,-3.98485,1.22591
5739,1,5324,-3.98485,1.22591
5740,1,5325,-3.98485,1.22591
5741,1,5326,-3.98485,1.22591
5742,1,5327,-3.98485,1.22591
5743,1,5328,-3.98485,1.22591
5744,1,5329,-3.98485,1.22591
5745,1,5330,-3.98485,1.22591
5746,1,5331,-3.98485,1.22591
5747,1,5332,-3.98485,1.22591
5748,1,5333,-3.98485,1.22591
5749,1,5334,-3.98485,1.22591
5750,1,5335,-3.98485,1.22591
5751,1,5336,-3.98485,1.22591
5752,1,5337,-3.98485,1.22591
5753,1,5338,-3.98485,1.22591
5754,1,5339,-3.98485,1.22591
5755,1,5340,-3.98485,1.22591
5756,1,5341,-3.98485,1.22591
5757,1,5342,-3.98485,1.2259
5758,1,5343,-3.98485,1.2259
5759,1,5344,-3.98485,1.2259
5760,1,5345,-3.98485,1.2259
5761,1,5346,-3.98485,1.2259
5762,1,5347,-3.98485,1.2259
5763,1,5348,-3.98485,1.2259
5764,1,5349,-3.98485,1.2259
5765,1,5350,-3.98485,1.2259
5766,1,5351,-3.98485,1.2259
5767,1,5352,-3.98485,1.2259
5768,1,5353,-3.98485,1.2259
5769,1,5354,-3.98485,1.2259
5770,1,5355,-3.98485,1.2259
5771,1,5356,-3.98485,1.2259
5772,1,5357,-3.98485,1.2259
5773,1,5358,-3.98485,1.2259
5774,1,5359,-3.98485,1.2259
5775,1,5360,-3.98485,1.2259
5776,1,5361,-3.98485,1.2259
5777,1,5362,-3.98485,1.2259
5778,1,5363,-3.98485,1.2259
5779,1,5364,-3.98485,1.2259
5780,1,5365,-3.98485,1.2259
5781,1,5366,-3.98485,1.2259
5782,1,5367,-3.98485,1.2259
5783,1,5368,-3.98485,1.2259
5784,1,5369,-3.98485,1.2259
5785,1,5370,-3.98485,1.2259
5786,1,5371,-3.98485,1.2259
5787,1,5372,-3.98485,1.2259
5788,1,5373,-3.98485,1.2259
5789,1,5374,-3.98485,1.2259
5790,1,5375,-3.98485,1.2259
5791,1,5376,-3.98485,1.2259
5792,1,5377,-3.98485,1.2259
5793,1,5378,-3.98485,1.2259
5794,1,5379,-3.98485,1.2259
5795,1,5380,-3.98485,1.2259
5796,1,5381,-3.98484,1.2259
5797,1,5382,-3.98484,1.2259
5798,1,5383,-3.98484,1.2259
5799,1,5384,-3.98484,1.2259
5800,1,5385,-3.98484,1.2259
5801,1,5386,-3.98484,1.2259
5802,1,5387,-3.98484,1.2259
5803,1,5388,-3.98484,1.2259
5804,1,5389,-3.98484,1.2259
5805,1,5390,-3.98484,1.2259
5806,1,5391,-3.98484,1.2259
5807,1,5392,-3.98484,1.2259
5808,1,5393,-3.98484,1.2259
5809,1,5394,-3.98484,1.2259
5810,1,5395,-3.98484,1.2259
5811,1,5396,-3.98485,1.2259
5812,1,5397,-3.98485,1.2259
5813,1,5398,-3.98485,1.2259
5814,1,5399,-3.98485,1.2259
5815,1,5400,-3.98485,1.2259
5816,1,5401,-3.98485,1.2259
5817,1,5402,-3.98485,1.2259
5818,1,5403,-3.98485,1.2259
5819,1,5404,-3.98485,1.2259
5820,1,5405,-3.98485,1.2259
5821,1,5406,-3.98485,1.2259
5822,1,5407,-3.98485,1.2259
5823,1,5408,-3.98485,1.2259
5824,1,5409,-3.98485,1.2259
5825,1,5410,-3.98485,1.2259
5826,1,5411,-3.98485,1.2259
5827,1,5412,-3.98485,1.2259
5828,1,5413,-3.98485,1.2259
5829,1,5414,-3.98485,1.2259
5830,1,5415,-3.98485,1.2259
5831,1,5416,-3.98485,1.2259
5832,1,5417,-3.98485,1.2259
5833,1,5418,-3.98485,1.2259
5834,1,5419,-3.98485,1.2259
5835,1,5420,-3.98485,1.2259
5836,1,5421,-3.98485,1.2259
5837,1,5422,-3.98485,1.2259
5838,1,5423,-3.98485,1.2259
5839,1,5424,-3.98488,1.22591
5840,1,5425,-3.98488,1.22591
5841,1,5426,-3.98488,1.22591
5842,1,5427,-3.98488,1.22591
5843,1,5428,-3.98488,1.22591
5844,1,5429,-3.98488,1.22591
5845,1,5430,-3.98488,1.22591
5846,1,5431,-3.98488,1.22591
5847,1,5432,-3.98488,1.22591
5848,1,5433,-3.98488,1.22591
5849,1,5434,-3.98488,1.2259
5850,1,5435,-3.98488,1.2259
5851,1,5436,-3.98488,1.2259
5852,1,5437,-3.98488,1.2259
5853,1,5438,-3.98488,1.2259
5854,1,5439,-3.98488,1.2259
5855,1,5440,-3.98488,1.2259
5856,1,5441,-3.98488,1.2259
5857,1,5442,-3.98488,1.2259
5858,1,5443,-3.98488,1.2259
5859,1,5444,-3.98488,1.2259
5860,1,5445,-3.98488,1.2259
5861,1,5446,-3.98488,1.2259
5862,1,5447,-3.98488,1.2259
5863,1,5448,-3.98488,1.2259
5864,1,5449,-3.98488,1.2259
5865,1,5450,-3.98488,1.2259
5866,1,5451,-3.98488,1.2259
5867,1,5452,-3.98488,1.2259
5868,1,5453,-3.98488,1.2259
5869,1,5454,-3.98488,1.2259
5870,1,5455,-3.98488,1.2259
5871,1,5456,-3.98488,1.2259
5872,1,5457,-3.98488,1.2259
5873,1,5458,-3.98488,1.2259
5874,1,5459,-3.98488,1.2259
5875,1,5460,-3.98488,1.2259
5876,1,5461,-3.98488,1.2259
5877,1,5462,-3.98488,1.22591
5878,1,5463,-3.98488,1.22591
5879,1,5464,-3.98488,1.22591
5880,1,5465,-3.98488,1.22591
5881,1,5466,-3.98488,1.22591
5882,1,5467,-3.98488,1.22591
5883,1,5468,-3.98488,1.22591
5884,1,5469,-3.98488,1.22591
5885,1,5470,-3.98488,1.22591
5886,1,5471,-3.98488,1.22591
5887,1,5472,-3.98488,1.22591
5888,1,5473,-3.98488,1.22591
5889,1,5474,-3.98488,1.22591
5890,1,5475,-3.98488,1.22591
5891,1,5476,-3.98488,1.22591
5892,1,5477,-3.98488,1.22591
5893,1,5478,-3.98488,1.22591
5894,1,5479,-3.98488,1.22591
5895,1,5480,-3.98488,1.22591
5896,1,5481,-3.98488,1.22591
5897,1,5482,-3.98488,1.22591
5898,1,5483,-3.98488,1.22591
5899,1,5484,-3.98488,1.22591
5900,1,5485,-3.98488,1.22591
5901,1,5486,-3.98488,1.22591
5902,1,5487,-3.98488,1.22591
5903,1,5488,-3.98488,1.22591
5904,1,5489,-3.98488,1.22591
5905,1,5490,-3.98488,1.22591
5906,1,5491,-3.98488,1.22591
5907,1,5492,-3.98488,1.22591
5908,1,5493,-3.98488,1.22591
5909,1,5494,-3.98488,1.22591
5910,1,5495,-3.98488,1.22591
5911,1,5496,-3.98488,1.22591
5912,1,5497,-3.98488,1.22591
5913,1,5498,-3.98488,1.22591
5914,1,5499,-3.98488,1.22591
5915,1,5500,-3.98488,1.22591
5916,1,5501,-3.98488,1.22591
5917,1,5502,-3.98488,1.22591
5918,1,5503,-3.98488,1.22591
5919,1,5504,-3.98489,1.2259
5920,1,5505,-3.98489,1.2259
5921,1,5506,-3.98489,1.2259
5922,1,5507,-3.98489,1.2259
5923,1,5508,-3.98489,1.2259
5924,1,5509,-3.98489,1.2259
5925,1,5510,-3.98489,1.2259
5926,1,5511,-3.98489,1.2259
5927,1,5512,-3.98489,1.2259
5928,1,5513,-3.98489,1.2259
5929,1,5514,-3.98489,1.2259
5930,1,5515,-3.98489,1.2259
5931,1,5516,-3.98489,1.2259
5932,1,5517,-3.98489,1.2259
5933,1,5518,-3.98489,1.2259
5934,1,5519,-3.98489,1.2259
5935,1,5520,-3.98489,1.2259
5936,1,5521,-3.98489,1.2259
5937,1,5522,-3.98489,1.2259
5938,1,5523,-3.98489,1.2259
5939,1,5524,-3.98489,1.2259
5940,1,5525,-3.98489,1.2259
5941,1,5526,-3.98489,1.2259
5942,1,5527,-3.98489,1.2259
5943,1,5528,-3.98489,1.2259
5944,1,5529,-3.98489,1.2259
5945,1,5530,-3.98489,1.2259
5946,1,5531,-3.98489,1.2259
5947,1,5532,-3.98489,1.2259
5948,1,5533,-3.98489,1.2259
5949,1,5534,-3.98489,1.2259
5950,1,5535,-3.98489,1.2259
5951,1,5536,-3.98489,1.2259
5952,1,5537,-3.98489,1.2259
5953,1,5538,-3.98489,1.2259
5954,1,5539,-3.98489,1.2259
5955,1,5540,-3.98489,1.22591
5956,1,5541,-3.98489,1.22591
5957,1,5542,-3.98489,1.22591
5958,1,5543,-3.98489,1.22591
5959,1,5544,-3.98489,1.22591
5960,1,5545,-3.98489,1.22591
5961,1,5546,-3.98489,1.22591
5962,1,5547,-3.98489,1.22591
5963,1,5548,-3.98489,1.22591
5964,1,5549,-3.98489,1.22591
5965,1,5550,-3.98489,1.22591
5966,1,5551,-3.98489,1.22591
5967,1,5552,-3.98489,1.22591
5968,1,5553,-3.98489,1.22591
5969,1,5554,-3.98489,1.22591
5970,1,5555,-3.98489,1.22591
5971,1,5556,-3.98489,1.22591
5972,1,5557,-3.98489,1.22591
5973,1,5558,-3.98489,1.22591
5974,1,5559,-3.98489,1.22591
5975,1,5560,-3.98489,1.22591
5976,1,5561,-3.98489,1.22591
5977,1,5562,-3.98489,1.22591
5978,1,5563,-3.98489,1.22591
5979,1,5564,-3.98489,1.22591
5980,1,5565,-3.98489,1.22591
5981,1,5566,-3.98488,1.22591
5982,1,5567,-3.98488,1.22591
5983,1,5568,-3.98488,1.22591
5984,1,5569,-3.98488,1.22591
5985,1,5570,-3.98488,1.22591
5986,1,5571,-3.98488,1.22591
5987,1,5572,-3.98488,1.22591
5988,1,5573,-3.98488,1.22591
5989,1,5574,-3.98488,1.22591
5990,1,5575,-3.98488,1.22591
5991,1,5576,-3.98488,1.22591
5992,1,5577,-3.98488,1.22591
5993,1,5578,-3.98488,1.22591
5994,1,5579,-3.98488,1.22591
5995,1,5580,-3.98488,1.22591
5996,1,5581,-3.98488,1.22591
5997,1,5582,-3.98488,1.22591
5998,1,5583,-3.98488,1.22591
5999,1,5584,-3.98488,1.22591
